xxxxxxxxxxxxxxxxxxxxxxxxxxxxxxxxxxxxxxxxxxxxxxxxxxxxxxxxxxxxxxxx
0000000000001011000010110110101000000000101100001001001001011100
0000000000001011000010110110101000000000101100001001001001011100
0000000000001011000010110110101000000000101100001001001001011100
0000000000001011000010110110101000000000101100001001001001011100
0000000000001011000010110110101000000000101100001001001001011100
0000000000001011000010110110101000000000101100001001001001011100
0000000000001011000010110110101000000000101100001001001001011100
0000000000001011000010110110101000000000101100001001001001011100
0000000000001011000010110110101000000000101100001001001001011100
0000000000001011000010110110101000000000101100001001001001011100
0000000000001011000010110110101000000000101100001001001001011100
0000000000001011000010110110101000000000101100001001001001011100
0000000000001011000010110110101000000000101100001001001001011100
0000000000001011000010110110101000000000101100001001001001011100
0000000000001011000010110110101000000000101100001001001001011100
0000000000001011000010110110101000000000101100001001001001011100
0000000000001011000010110110101000000000101100001001001001011100
0000000000001011000010110110101000000000101100001001001001011100
0000000000001011000010110110101000000000101100001001001001011100
0000000000001011000010110110101000000000101100001001001001011100
0000000000001011000010110110101000000000101100001001001001011100
0000000000001011000010110110101000000000101100001001001001011100
0000000000001011000010110110101000000000101100001001001001011100
0000000000001011000010110110101000000000101100001001001001011100
0000000000001011000010110110101000000000101100001001001001011100
0000000000001011000010110110101000000000101100001001001001011100
0000000000001011000010110110101000000000101100001001001001011100
0000000000001011000010110110101000000000101100001001001001011100
0000000000001011000010110110101000000000101100001001001001011100
0000000000001011000010110110101000000000101100001001001001011100
0000000000001011000010110110101000000000101100001001001001011100
0000000000001011000010110110101000000000101100001001001001011100
0000000000001011000010110110101000000000101100001001001001011100
0000000000001011000010110110101000000000101100001001001001011100
0000000000001011000010110110101000000000101100001001001001011100
0000000000001011000010110110101000000000101100001001001001011100
0000000000001011000010110110101000000000101100001001001001011100
0000000000001011000010110110101000000000101100001001001001011100
0000000000001011000010110110101000000000101100001001001001011100
0000000000001011000010110110101000000000101100001001001001011100
0000000000001011000010110110101000000000101100001001001001011100
0000000000001011000010110110101000000000101100001001001001011100
0000000000001011000010110110101000000000101100001001001001011100
0000000000001011010000111001010110000001000001100010010010100100
0000000000001011100001010001111010111000010100011110101110001110
0000000000001011110001101010011111101111100111011011001000100100
0000000000001100000010000011000100100110111010010111100011000100
0000000000001100010010011011101001011110001101010011111101001010
0000000000001100100010110100001110010101100000010000011001000110
0000000000001100110011001100110011001100110011001100110011000000
0000000000001101000011100101011000000100000110001001001101110110
0000000000001101010011111101111100111011011001000101101000010100
0000000000001101100100010110100001110010101100000010000010111010
0000000000001101110100101111000110101001111110111110011101111000
0000000000001110000101000111101011100001010001111010110111100010
0000000000001110010101100000010000011000100100110111010010110000
0000000000001110100101111000110101001111110111110011101100110110
0000000000001110110110010001011010000111001010110000001000010010
0000000000001111000110101001111110111110011101101100100010011100
0000000000001111010111000010100011110101110000101000111101001110
0000000000001111100111011011001000101101000011100101010111100100
0000000000001111110111110011101101100100010110100001110010001110
0000000000010000001000001100010010011011101001011110001101000100
0000000000010000011000100100110111010010111100011010100111110010
0000000000010000101000111101011100001010001111010111000010011100
0000000000010000111001010110000001000001100010010011011101011000
0000000000010001001001101110100101111000110101001111110111101110
0000000000010001011010000111001010110000001000001100010001101110
0000000000010001101010011111101111100111011011001000101100110010
0000000000010001111010111000010100011110101110000101000111100110
0000000000010010001011010000111001010110000001000001100010011000
0000000000010010011011101001011110001101010011111101111100111000
0000000000010010101100000010000011000100100110111010010111001100
0000000000010010111100011010100111111011111001110110110010001010
0000000000010011001100110011001100110011001100110011001100100110
0000000000010011011101001011110001101010011111101111100111010110
0000000000010011101101100100010110100001110010101100000001101100
0000000000010011111101111100111011011001000101101000011100001100
0000000000010100001110010101100000010000011000100100110111000000
0000000000010100011110101110000101000111101011100001010001101100
0000000000010100101111000110101001111110111110011101101100110100
0000000000010100111111011111001110110110010001011010000111010100
0000000000010101001111110111110011101101100100010110100001110110
0000000000010101100000010000011000100100110111010010111100100100
0000000000010101110000101000111101011100001010001111010110011010
0000000000010110000001000001100010010011011101001011110001011100
0000000000010110010001011010000111001010110000001000001011110100
0000000000010110100001110010101100000010000011000100100110111110
0000000000010110110010001011010000111001010110000001000001110100
0000000000010111000010100011110101110000101000111101011011100010
0000000000010111010010111100011010100111111011111001110110010100
0000000000010111100011010100111111011111001110110110010001011010
0000000000010111110011101101100100010110100001110010101011101000
0000000000011000000100000110001001001101110100101111000110001100
0000000000011000010100011110101110000101000111101011100001001010
0000000000011000100100110111010010111100011010100111111011101110
0000000000011000110101001111110111110011101101100100010110011110
0000000000011001000101101000011100101011000000100000110001010110
0000000000011001010110000001000001100010010011011101001011110010
0000000000011001100110011001100110011001100110011001100110011000
0000000000011001110110110010001011010000111001010110000000011000
0000000000011010000111001010110000001000001100010010011011000000
0000000000011010010111100011010100111111011111001110110110011100
0000000000011010100111111011111001110110110010001011010000110010
0000000000011010111000010100011110101110000101000111101011100000
0000000000011011001000101101000011100101011000000100000101110000
0000000000011011011001000101101000011100101011000000100000011010
0000000000011011101001011110001101010011111101111100111010110010
0000000000011011111001110110110010001011010000111001010110100010
0000000000011100001010001111010111000010100011110101110000010110
0000000000011100011010100111111011111001110110110010001011010100
0000000000011100101011000000100000110001001001101110100101111000
0000000000011100111011011001000101101000011100101011000000001100
0000000000011101001011110001101010011111101111100111011011000000
0000000000011101011100001010001111010111000010100011110101001110
0000000000011101101100100010110100001110010101100000010000010100
0000000000011101111100111011011001000101101000011100101010110010
0000000000011110001101010011111101111100111011011001000101001000
0000000000011110011101101100100010110100001110010101011111111000
0000000000011110101110000101000111101011100001010001111010101110
0000000000011110111110011101101100100010110100001110010101101010
0000000000011111001110110110010001011010000111001010110000010110
0000000000011111011111001110110110010001011010000111001010011000
0000000000011111101111100111011011001000101101000011100101011010
0000000000100000000000000000000000000000000000000000000000001000
0000000000100000010000011000100100110111010010111100011001111110
0000000000100000100000110001001001101110100101111000110101011100
0000000000100000110001001001101110100101111000110101010000010000
0000000000100001000001100010010011011101001011110001101010110010
0000000000100001010001111010111000010100011110101110000100110110
0000000000100001100010010011011101001011110001101010011111100110
0000000000100001110010101100000010000011000100100110111010101000
0000000000100010000011000100100110111010010111100011010101001000
0000000000100010010011011101001011110001101010011111101111100100
0000000000100010100011110101110000101000111101011100001010001010
0000000000100010110100001110010101100000010000011000100101001010
0000000000100011000100100110111010010111100011010100111110110110
0000000000100011010100111111011111001110110110010001011001110010
0000000000100011100101011000000100000110001001001101110100101100
0000000000100011110101110000101000111101011100001010001110111000
0000000000100100000110001001001101110100101111000110101001011100
0000000000100100010110100001110010101100000010000011000100011010
0000000000100100100110111010010111100011010100111111011111000010
0000000000100100110111010010111100011010100111111011111001100010
0000000000100101000111101011100001010001111010111000010100000110
0000000000100101011000000100000110001001001101110100101111000100
0000000000100101101000011100101011000000100000110001001001101010
0000000000100101111000110101001111110111110011101101100100001000
0000000000100110001001001101110100101111000110101001111110101100
0000000000100110011001100110011001100110011001100110011001011100
0000000000100110101001111110111110011101101100100010110100000010
0000000000100110111010010111100011010100111111011111001111010000
0000000000100111001010110000001000001100010010011011101001001100
0000000000100111011011001000101101000011100101011000000100011000
0000000000100111101011100001010001111010111000010100011110100010
0000000000100111111011111001110110110010001011010000111001010010
0000000000101000001100010010011011101001011110001101010011011000
0000000000101000011100101011000000100000110001001001101110000010
0000000000101000101101000011100101011000000100000110001001001010
0000000000101000111101011100001010001111010111000010100011101000
0000000000101001001101110100101111000110101001111110111110000000
0000000000101001011110001101010011111101111100111011011001101010
0000000000101001101110100101111000110101001111110111110100000000
0000000000101001111110111110011101101100100010110100001110101110
0000000000101010001111010111000010100011110101110000101000101000
0000000000101010011111101111100111011011001000101101000011011000
0000000000101010110000001000001100010010011011101001011110001100
0000000000101011000000100000110001001001101110100101111001001000
0000000000101011010000111001010110000001000001100010010011010000
0000000000101011100001010001111010111000010100011110101101110000
0000000000101011110001101010011111101111100111011011001000011010
0000000000101100000010000011000100100110111010010111100011001000
0000000000101100010010011011101001011110001101010011111101111100
0000000000101100100010110100001110010101100000010000011000011000
0000000000101100110011001100110011001100110011001100110011001110
0000000000101101000011100101011000000100000110001001001101111110
0000000000101101010011111101111100111011011001000101101000000100
0000000000101101100100010110100001110010101100000010000011000000
0000000000101101110100101111000110101001111110111110011101110110
0000000000101110000101000111101011100001010001111010111000100100
0000000000101110010101100000010000011000100100110111010010101010
0000000000101110100101111000110101001111110111110011101101100100
0000000000101110110110010001011010000111001010110000001000010010
0000000000101111000110101001111110111110011101101100100010100000
0000000000101111010111000010100011110101110000101000111101000000
0000000000101111100111011011001000101101000011100101010111110100
0000000000101111110111110011101101100100010110100001110010110010
0000000000110000001000001100010010011011101001011110001101011000
0000000000110000011000100100110111010010111100011010100111011000
0000000000110000101000111101011100001010001111010111000010011010
0000000000110000111001010110000001000001100010010011011101011000
0000000000110001001001101110100101111000110101001111110111100010
0000000000110001011010000111001010110000001000001100010010000000
0000000000110001101010011111101111100111011011001000101101010010
0000000000110001111010111000010100011110101110000101000111010010
0000000000110010001011010000111001010110000001000001100010011000
0000000000110010011011101001011110001101010011111101111100100110
0000000000110010101100000010000011000100100110111010010111101100
0000000000110010111100011010100111111011111001110110110010001010
0000000000110011001100110011001100110011001100110011001100110110
0000000000110011011101001011110001101010011111101111100111000110
0000000000110011101101100100010110100001110010101100000010011010
0000000000110011111101111100111011011001000101101000011011111110
0000000000110100001110010101100000010000011000100100110110110100
0000000000110100011110101110000101000111101011100001010010000010
0000000000110100101111000110101001111110111110011101101100011000
0000000000110100111111011111001110110110010001011010000111100010
0000000000110101001111110111110011101101100100010110100001111010
0000000000110101100000010000011000100100110111010010111100101000
0000000000110101110000101000111101011100001010001111010110110000
0000000000110110000001000001100010010011011101001011110001101010
0000000000110110010001011010000111001010110000001000001100000010
0000000000110110100001110010101100000010000011000100100111000010
0000000000110110110010001011010000111001010110000001000001011000
0000000000110111000010100011110101110000101000111101011100110010
0000000000110111010010111100011010100111111011111001110110110000
0000000000110111100011010100111111011111001110110110010001010000
0000000000110111110011101101100100010110100001110010101100010110
0000000000111000000100000110001001001101110100101111000110100110
0000000000111000010100011110101110000101000111101011100001101000
0000000000111000100100110111010010111100011010100111111011111000
0000000000111000110101001111110111110011101101100100010110011100
0000000000111001000101101000011100101011000000100000110000101000
0000000000111001010110000001000001100010010011011101001100000100
0000000000111001100110011001100110011001100110011001100110011100
0000000000111001110110110010001011010000111001010110000000101010
0000000000111010000111001010110000001000001100010010011010111110
0000000000111010010111100011010100111111011111001110110110011010
0000000000111010100111111011111001110110110010001011010001000010
0000000000111010111000010100011110101110000101000111101100000000
0000000000111011001000101101000011100101011000000100000110000000
0000000000111011011001000101101000011100101011000000100000101110
0000000000111011101001011110001101010011111101111100111011000100
0000000000111011111001110110110010001011010000111001010110001110
0000000000111100001010001111010111000010100011110101110000001010
0000000000111100011010100111111011111001110110110010001011000110
0000000000111100101011000000100000110001001001101110100110001100
0000000000111100111011011001000101101000011100101011000000001010
0000000000111101001011110001101010011111101111100111011011010000
0000000000111101011100001010001111010111000010100011110101011110
0000000000111101101100100010110100001110010101100000010000010100
0000000000111101111100111011011001000101101000011100101010110100
0000000000111110001101010011111101111100111011011001000101011000
0000000000111110011101101100100010110100001110010101100000010110
0000000000111110101110000101000111101011100001010001111010011110
0000000000111110111110011101101100100010110100001110010101011100
0000000000111111001110110110010001011010000111001010110000011000
0000000000111111011111001110110110010001011010000111001010110110
0000000000111111101111100111011011001000101101000011100101001100
0000000000111111111111111111111111111111111111111111111111101100
0000000001000000010000011000100100110111010010111100011010000100
0000000001000000100000110001001001101110100101111000110101010000
0000000001000000110001001001101110100101111000110101001111110110
0000000001000001000001100010010011011101001011110001101010110100
0000000001000001010001111010111000010100011110101110000101011010
0000000001000001100010010011011101001011110001101010011111101000
0000000001000001110010101100000010000011000100100110111010001110
0000000001000010000011000100100110111010010111100011010101001010
0000000001000010010011011101001011110001101010011111101111110010
0000000001000010100011110101110000101000111101011100001010101100
0000000001000010110100001110010101100000010000011000100101010100
0000000001000011000100100110111010010111100011010100111111100100
0000000001000011010100111111011111001110110110010001011010000000
0000000001000011100101011000000100000110001001001101110101001100
0000000001000011110101110000101000111101011100001010001111100010
0000000001000100000110001001001101110100101111000110101001101110
0000000001000100010110100001110010101100000010000011000100101110
0000000001000100100110111010010111100011010100111111011110100110
0000000001000100110111010010111100011010100111111011111010000010
0000000001000101000111101011100001010001111010111000010100100110
0000000001000101011000000100000110001001001101110100101110110110
0000000001000101101000011100101011000000100000110001001001111100
0000000001000101111000110101001111110111110011101101100100111000
0000000001000110001001001101110100101111000110101001111110110000
0000000001000110011001100110011001100110011001100110011001111100
0000000001000110101001111110111110011101101100100010110011110110
0000000001000110111010010111100011010100111111011111001111010010
0000000001000111001010110000001000001100010010011011101001101100
0000000001000111011011001000101101000011100101011000000011111010
0000000001000111101011100001010001111010111000010100011110110000
0000000001000111111011111001110110110010001011010000111001011110
0000000001001000001100010010011011101001011110001101010011101000
0000000001001000011100101011000000100000110001001001101110100100
0000000001001000101101000011100101011000000100000110001001101100
0000000001001000111101011100001010001111010111000010100100001000
0000000001001001001101110100101111000110101001111110111110111100
0000000001001001011110001101010011111101111100111011011001100000
0000000001001001101110100101111000110101001111110111110100000110
0000000001001001111110111110011101101100100010110100001110010100
0000000001001010001111010111000010100011110101110000101000100110
0000000001001010011111101111100111011011001000101101000011110110
0000000001001010110000001000001100010010011011101001011101111110
0000000001001011000000100000110001001001101110100101111001011010
0000000001001011011000011000111001110011001010110100111000111000
0000000001001011100001010001111010111000010100011110101101110000
0000000001001011110001101010011111101111100111011011001000011110
0000000001001100000010000011000100100110111010010111100010110110
0000000001001100010010011011101001011110001101010011111110000100
0000000001001100100010110100001110010101100000010000011000011000
0000000001001100110011001100110011001100110011001100110011001000
0000000001001101000011100101011000000100000110001001001101101100
0000000001001101010011111101111100111011011001000101101000101010
0000000001001101100100010110100001110010101100000010000011001110
0000000001001101110100101111000110101001111110111110011101001110
0000000001001110000101000111101011100001010001111010110111110110
0000000001001110010101100000010000011000100100110111010010110100
0000000001001110100101111000110101001111110111110011101101110110
0000000001001110110110010001011010000111001010110000001000011000
0000000001001111000110101001111110111110011101101100100010001110
0000000001001111010111000010100011110101110000101000111101011110
0000000001001111100111011011001000101101000011100101010111111000
0000000001001111110111110011101101100100010110100001110010100110
0000000001010000001000001100010010011011101001011110001101001100
0000000001010000011000100100110111010010111100011010100111111000
0000000001010000101000111101011100001010001111010111000010000100
0000000001010000111001010110000001000001100010010011011100111000
0000000001010001001001101110100101111000110101001111110111110110
0000000001010001011010000111001010110000001000001100010010101100
0000000001010001101010011111101111100111011011001000101101001100
0000000001010001111010111000010100011110101110000101000111110000
0000000001010010001011010000111001010110000001000001100010101110
0000000001010010011011101001011110001101010011111101111100011000
0000000001010010101100000010000011000100100110111010010111010110
0000000001010010111100011010100111111011111001110110110001111100
0000000001010011001100110011001100110011001100110011001100101000
0000000001010011011101001011110001101010011111101111100111001000
0000000001010011101101100100010110100001110010101100000001100100
0000000001010011111101111100111011011001000101101000011100111010
0000000001010100001110010101100000010000011000100100110111100110
0000000001010100011110101110000101000111101011100001010001011110
0000000001010100101111000110101001111110111110011101101100001100
0000000001010100111111011111001110110110010001011010000111100010
0000000001010101001111110111110011101101100100010110100010000000
0000000001010101100000010000011000100100110111010010111100100100
0000000001010101110000101000111101011100001010001111010111000110
0000000001010110000001000001100010010011011101001011110001011110
0000000001010110010001011010000111001010110000001000001100111000
0000000001010110100001110010101100000010000011000100100110100000
0000000001010110110010001011010000111001010110000001000001101100
0000000001010111000010100011110101110000101000111101011011110110
0000000001010111010010111100011010100111111011111001110110110110
0000000001010111100011010100111111011111001110110110010001011110
0000000001010111110011101101100100010110100001110010101011111110
0000000001011000000100000110001001001101110100101111000110100100
0000000001011000010100011110101110000101000111101011100001000100
0000000001011000100100110111010010111100011010100111111100000110
0000000001011000110101001111110111110011101101100100010110100110
0000000001011001000101101000011100101011000000100000110001001100
0000000001011001010110000001000001100010010011011101001100001000
0000000001011001100110011001100110011001100110011001100110101100
0000000001011001110110110010001011010000111001010110000000101110
0000000001011010000111001010110000001000001100010010011100000010
0000000001011010010111100011010100111111011111001110110110110000
0000000001011010100111111011111001110110110010001011010000110110
0000000001011010111000010100011110101110000101000111101011010110
0000000001011011001000101101000011100101011000000100000101110010
0000000001011011011001000101101000011100101011000000100000001110
0000000001011011101001011110001101010011111101111100111011101010
0000000001011011111001110110110010001011010000111001010101010100
0000000001011100001010001111010111000010100011110101110000010010
0000000001011100011010100111111011111001110110110010001010110110
0000000001011100101011000000100000110001001001101110100101110100
0000000001011100111011011001000101101000011100101011000000001100
0000000001011101001011110001101010011111101111100111011010111010
0000000001011101011100001010001111010111000010100011110101101110
0000000001011101101100100010110100001110010101100000010000001100
0000000001011101111100111011011001000101101000011100101011000100
0000000001011110001101010011111101111100111011011001000101010000
0000000001011110011101101100100010110100001110010101100000100100
0000000001011110101110000101000111101011100001010001111010100100
0000000001011110111110011101101100100010110100001110010101101000
0000000001011111001110110110010001011010000111001010110000011010
0000000001011111011111001110110110010001011010000111001010001000
0000000001011111101111100111011011001000101101000011100101100100
0000000001011111111111111111111111111111111111111111111111111010
0000000001100000010000011000100100110111010010111100011010101000
0000000001100000100000110001001001101110100101111000110100010010
0000000001100000110001001001101110100101111000110101001111111110
0000000001100001000001100010010011011101001011110001101010010100
0000000001100001010001111010111000010100011110101110000101100010
0000000001100001100010010011011101001011110001101010011111100110
0000000001100001110010101100000010000011000100100110111010010010
0000000001100010000011000100100110111010010111100011010101001010
0000000001100010010011011101001011110001101010011111101111111010
0000000001100010100011110101110000101000111101011100001010011110
0000000001100010110100001110010101100000010000011000100101001010
0000000001100011000100100110111010010111100011010100111110110100
0000000001100011010100111111011111001110110110010001011010010010
0000000001100011100101011000000100000110001001001101110100101110
0000000001100011110101110000101000111101011100001010001111011100
0000000001100100000110001001001101110100101111000110101001100010
0000000001100100010110100001110010101100000010000011000100010000
0000000001100100100110111010010111100011010100111111011111001000
0000000001100100110111010010111100011010100111111011111001110110
0000000001100101000111101011100001010001111010111000010100011010
0000000001100101011000000100000110001001001101110100101110111010
0000000001100101101000011100101011000000100000110001001001110000
0000000001100101111000110101001111110111110011101101100011111100
0000000001100110001001001101110100101111000110101001111111001000
0000000001100110011001100110011001100110011001100110011001101110
0000000001100110101001111110111110011101101100100010110100001010
0000000001100110111010010111100011010100111111011111001110100000
0000000001100111001010110000001000001100010010011011101001101110
0000000001100111011011001000101101000011100101011000000100001010
0000000001100111101011100001010001111010111000010100011110101010
0000000001100111111011111001110110110010001011010000111001010000
0000000001101000001100010010011011101001011110001101010100001110
0000000001101000011100101011000000100000110001001001101110110100
0000000001101000101101000011100101011000000100000110001001000100
0000000001101000111101011100001010001111010111000010100100001000
0000000001101001001101110100101111000110101001111110111110101000
0000000001101001011110001101010011111101111100111011011000111100
0000000001101001101110100101111000110101001111110111110011011010
0000000001101001111110111110011101101100100010110100001110000010
0000000001101010001111010111000010100011110101110000101001000000
0000000001101010011111101111100111011011001000101101000100000010
0000000001101010110000001000001100010010011011101001011110100010
0000000001101011000000100000110001001001101110100101111000111000
0000000001101011010000111001010110000001000001100010010011001100
0000000001101011100001010001111010111000010100011110101110010000
0000000001101011110001101010011111101111100111011011001000010000
0000000001101100000010000011000100100110111010010111100011010100
0000000001101100010010011011101001011110001101010011111101110000
0000000001101100100010110100001110010101100000010000011000101010
0000000001101100110011001100110011001100110011001100110010111010
0000000001101101000011100101011000000100000110001001001101110010
0000000001101101010011111101111100111011011001000101101000011110
0000000001101101100100010110100001110010101100000010000010110010
0000000001101101110100101111000110101001111110111110011101100010
0000000001101110000101000111101011100001010001111010111000001010
0000000001101110010101100000010000011000100100110111010010100110
0000000001101110100101111000110101001111110111110011101100111100
0000000001101110110110010001011010000111001010110000001000011000
0000000001101111000110101001111110111110011101101100100011010000
0000000001101111010111000010100011110101110000101000111101011010
0000000001101111100111011011001000101101000011100101011000001000
0000000001101111110111110011101101100100010110100001110010011000
0000000001110000001000001100010010011011101001011110001101101100
0000000001110000011000100100110111010010111100011010100111101110
0000000001110000101000111101011100001010001111010111000010100000
0000000001110000111001010110000001000001100010010011011100110000
0000000001110001001001101110100101111000110101001111110111100110
0000000001110001011010000111001010110000001000001100010010010110
0000000001110001101010011111101111100111011011001000101101011000
0000000001110001111010111000010100011110101110000101000111111000
0000000001110010001011010000111001010110000001000001100010000100
0000000001110010011011101001011110001101010011111101111100111000
0000000001110010101100000010000011000100100110111010010111010110
0000000001110010111100011010100111111011111001110110110010011100
0000000001110011001100110011001100110011001100110011001100111010
0000000001110011011101001011110001101010011111101111100111001000
0000000001110011101101100100010110100001110010101100000010010100
0000000001110011111101111100111011011001000101101000011100001010
0000000001110100001110010101100000010000011000100100110111011010
0000000001110100011110101110000101000111101011100001010010101110
0000000001110100101111000110101001111110111110011101101011110010
0000000001110100111111011111001110110110010001011010000111010100
0000000001110101001111110111110011101101100100010110100001010010
0000000001110101100000010000011000100100110111010010111011111010
0000000001110101110000101000111101011100001010001111010110111000
0000000001110110000001000001100010010011011101001011110001101010
0000000001110110010001011010000111001010110000001000001100111010
0000000001110110100001110010101100000010000011000100100110100000
0000000001110110110010001011010000111001010110000001000001011110
0000000001110111000010100011110101110000101000111101011100100010
0000000001110111010010111100011010100111111011111001110111100000
0000000001110111100011010100111111011111001110110110010000110010
0000000001110111110011101101100100010110100001110010101011110000
0000000001111000000100000110001001001101110100101111000110110010
0000000001111000010100011110101110000101000111101011100001110000
0000000001111000100100110111010010111100011010100111111011101010
0000000001111000110101001111110111110011101101100100010110011000
0000000001111001000101101000011100101011000000100000110000110000
0000000001111001010110000001000001100010010011011101001100011010
0000000001111001100110011001100110011001100110011001100110110000
0000000001111001110110110010001011010000111001010110000000111110
0000000001111010000111001010110000001000001100010010011011111000
0000000001111010010111100011010100111111011111001110110110010100
0000000001111010100111111011111001110110110010001011010000111010
0000000001111010111000010100011110101110000101000111101011100110
0000000001111011001000101101000011100101011000000100000101111100
0000000001111011011001000101101000011100101011000000100000101010
0000000001111011101001011110001101010011111101111100111011011010
0000000001111011111001110110110010001011010000111001010110001000
0000000001111100001010001111010111000010100011110101110000011110
0000000001111100011010100111111011111001110110110010001011011010
0000000001111100101011000000100000110001001001101110100110000000
0000000001111100111011011001000101101000011100101011000000101110
0000000001111101001011110001101010011111101111100111011010111010
0000000001111101011100001010001111010111000010100011110101010000
0000000001111101101100100010110100001110010101100000010000011110
0000000001111101111100111011011001000101101000011100101010010100
0000000001111110001101010011111101111100111011011001000110000010
0000000001111110011101101100100010110100001110010101100000001010
0000000001111110101110000101000111101011100001010001111010110110
0000000001111110111110011101101100100010110100001110010101011110
0000000001111111001110110110010001011010000111001010101111111010
0000000001111111011111001110110110010001011010000111001010000110
0000000001111111101111100111011011001000101101000011100101010100
0000000010000000000000000000000000000000000000000000000000001010
0000000010000000010000011000100100110111010010111100011010111000
0000000010000000100000110001001001101110100101111000110101101100
0000000010000000110001001001101110100101111000110101001111111100
0000000010000001000001100010010011011101001011110001101010010110
0000000010000001010001111010111000010100011110101110000101010100
0000000010000001100010010011011101001011110001101010011111101000
0000000010000001110010101100000010000011000100100110111010010110
0000000010000010000011000100100110111010010111100011010100111100
0000000010000010010011011101001011110001101010011111110000001100
0000000010000010100011110101110000101000111101011100001001110010
0000000010000010110100001110010101100000010000011000100100100000
0000000010000011000100100110111010010111100011010100111111010110
0000000010000011010100111111011111001110110110010001011010100010
0000000010000011100101011000000100000110001001001101110100100000
0000000010000011110101110000101000111101011100001010001111100000
0000000010000100000110001001001101110100101111000110101010010110
0000000010000100010110100001110010101100000010000011000100100100
0000000010000100100110111010010111100011010100111111011111000110
0000000010000100110111010010111100011010100111111011111010000100
0000000010000101000111101011100001010001111010111000010100101110
0000000010000101011000000100000110001001001101110100101111001100
0000000010000101101000011100101011000000100000110001001001100100
0000000010000101111000110101001111110111110011101101100100001110
0000000010000110001001001101110100101111000110101001111111000110
0000000010000110011001100110011001100110011001100110011010000110
0000000010000110101001111110111110011101101100100010110100101010
0000000010000110111010010111100011010100111111011111001111010110
0000000010000111001010110000001000001100010010011011101001101100
0000000010000111011011001000101101000011100101011000000100011100
0000000010000111101011100001010001111010111000010100011110011110
0000000010000111111011111001110110110010001011010000111001000000
0000000010001000001100010010011011101001011110001101010100000000
0000000010001000011100101011000000100000110001001001101111000100
0000000010001000101101000011100101011000000100000110001001100010
0000000010001000111101011100001010001111010111000010100100010110
0000000010001001001101110100101111000110101001111110111110011000
0000000010001001011110001101010011111101111100111011011000110000
0000000010001001101110100101111000110101001111110111110011101100
0000000010001001111110111110011101101100100010110100001110100010
0000000010001010001111010111000010100011110101110000101001010000
0000000010001010011111101111100111011011001000101101000011000110
0000000010001010110000001000001100010010011011101001011110010110
0000000010001011000000100000110001001001101110100101111000111100
0000000010001011010000111001010110000001000001100010010100001000
0000000010001011011011011100010111010110000101101111101110110100
0000000010001011011011011100010111010110000101101111101110110100
0000000010001011011011011100010111010110000101101111101110110100
0000000010001011011011011100010111010110000101101111101110110100
0000000010001011011011011100010111010110000101101111101110110100
0000000010001101110100001110000111010100101110010011010011101100
0000000010001101110100001110000111010100101110010011010011101100
0000000010001101110100001110000111010100101110010011010011101100
0000000010001101110100001110000111010100101110010011010011101100
0000000010001101110100101111000110101001111110111110011101100100
0000000010001110000101000111101011100001010001111010110111110000
0000000010001110010101100000010000011000100100110111010010011000
0000000010001110100101111000110101001111110111110011101101000100
0000000010001110110110010001011010000111001010110000001000001100
0000000010001111000110101001111110111110011101101100100010101000
0000000010001111010111000010100011110101110000101000111101000000
0000000010001111100111011011001000101101000011100101011000011100
0000000010001111110111110011101101100100010110100001110010100100
0000000010010000001000001100010010011011101001011110001101001110
0000000010010000011000100100110111010010111100011010100111101000
0000000010010000101000111101011100001010001111010111000010100100
0000000010010000111001010110000001000001100010010011011101001010
0000000010010001001001101110100101111000110101001111110111101100
0000000010010001011010000111001010110000001000001100010010010000
0000000010010001101010011111101111100111011011001000101101000000
0000000010010001111010111000010100011110101110000101000111111010
0000000010010010001011010000111001010110000001000001100001111010
0000000010010010011011101001011110001101010011111101111100111110
0000000010010010101100000010000011000100100110111010010111101100
0000000010010010111100011010100111111011111001110110110001110100
0000000010010011001100110011001100110011001100110011001101000010
0000000010010011011101001011110001101010011111101111100111100110
0000000010010011101101100100010110100001110010101100000010000110
0000000010010011111101111100111011011001000101101000011100001010
0000000010010100001110010101100000010000011000100100110111001100
0000000010010100011110101110000101000111101011100001010001101110
0000000010010100101111000110101001111110111110011101101100010000
0000000010010100111111011111001110110110010001011010000110100110
0000000010010101001111110111110011101101100100010110100001110010
0000000010010101100000010000011000100100110111010010111100001100
0000000010010101110000101000111101011100001010001111010111001000
0000000010010110000001000001100010010011011101001011110001010100
0000000010010110010001011010000111001010110000001000001100000010
0000000010010110100001110010101100000010000011000100100110111010
0000000010010110110010001011010000111001010110000001000001100110
0000000010010111000010100011110101110000101000111101011011111100
0000000010010111010010111100011010100111111011111001110110101010
0000000010010111100011010100111111011111001110110110010001000010
0000000010010111110011101101100100010110100001110010101100011100
0000000010011000000100000110001001001101110100101111000110010100
0000000010011000010100011110101110000101000111101011100001010000
0000000010011000100100110111010010111100011010100111111011101110
0000000010011000110101001111110111110011101101100100010110010010
0000000010011001000101101000011100101011000000100000110001011110
0000000010011001010110000001000001100010010011011101001011100110
0000000010011001100110011001100110011001100110011001100110011000
0000000010011001110110110010001011010000111001010110000000110010
0000000010011010000111001010110000001000001100010010011011111110
0000000010011010010111100011010100111111011111001110110110000100
0000000010011010100111111011111001110110110010001011010001010100
0000000010011010111000010100011110101110000101000111101011011010
0000000010011011001000101101000011100101011000000100000110001000
0000000010011011011001000101101000011100101011000000100000011100
0000000010011011101001011110001101010011111101111100111011011100
0000000010011011111001110110110010001011010000111001010101100010
0000000010011100001010001111010111000010100011110101110000001110
0000000010011100011010100111111011111001110110110010001011100100
0000000010011100101011000000100000110001001001101110100110010010
0000000010011100111011011001000101101000011100101011000000101000
0000000010011101001011110001101010011111101111100111011010101010
0000000010011101011100001010001111010111000010100011110110001110
0000000010011101101100100010110100001110010101100000010000101110
0000000010011101111100111011011001000101101000011100101010111010
0000000010011110001101010011111101111100111011011001000101001100
0000000010011110011101101100100010110100001110010101100000000010
0000000010011110101110000101000111101011100001010001111010010000
0000000010011110111110011101101100100010110100001110010101010100
0000000010011111001110110110010001011010000111001010101111110010
0000000010011111011111001110110110010001011010000111001010101010
0000000010011111101111100111011011001000101101000011100101011000
0000000010100000000000000000000000000000000000000000000000011010
0000000010100000010000011000100100110111010010111100011010011010
0000000010100000100000110001001001101110100101111000110101000010
0000000010100000110001001001101110100101111000110101001111111110
0000000010100001000001100010010011011101001011110001101010110100
0000000010100001010001111010111000010100011110101110000101110000
0000000010100001100010010011011101001011110001101010100000010110
0000000010100001110010101100000010000011000100100110111010011000
0000000010100010000011000100100110111010010111100011010100010110
0000000010100010010011011101001011110001101010011111110000010000
0000000010100010100011110101110000101000111101011100001010100110
0000000010100010110100001110010101100000010000011000100100110100
0000000010100011000100100110111010010111100011010100111111110000
0000000010100011010100111111011111001110110110010001011001100110
0000000010100011100101011000000100000110001001001101110100110010
0000000010100011110101110000101000111101011100001010001110111000
0000000010100100000110001001001101110100101111000110101001111000
0000000010100100010110100001110010101100000010000011000100011100
0000000010100100100110111010010111100011010100111111011111001010
0000000010100100110111010010111100011010100111111011111010000000
0000000010100101000111101011100001010001111010111000010100110000
0000000010100101011000000100000110001001001101110100101110111000
0000000010100101101000011100101011000000100000110001001010000010
0000000010100101111000110101001111110111110011101101100100010010
0000000010100110001001001101110100101111000110101001111110111110
0000000010100110011001100110011001100110011001100110011001000110
0000000010100110101001111110111110011101101100100010110011110010
0000000010100110111010010111100011010100111111011111001110101000
0000000010100111001010110000001000001100010010011011101001101000
0000000010100111011011001000101101000011100101011000000011011110
0000000010100111101011100001010001111010111000010100011110111010
0000000010100111111011111001110110110010001011010000111001110010
0000000010101000001100010010011011101001011110001101010100001110
0000000010101000011100101011000000100000110001001001101110101000
0000000010101000101101000011100101011000000100000110001001000110
0000000010101000111101011100001010001111010111000010100100001100
0000000010101001001101110100101111000110101001111110111110111000
0000000010101001011110001101010011111101111100111011011001001110
0000000010101001101110100101111000110101001111110111110011101010
0000000010101001111110111110011101101100100010110100001110001010
0000000010101010001111010111000010100011110101110000101000101000
0000000010101010011111101111100111011011001000101101000011111110
0000000010101010110000001000001100010010011011101001011110011100
0000000010101011000000100000110001001001101110100101111001000010
0000000010101011010000111001010110000001000001100010010011010010
0000000010101011100001010001111010111000010100011110101110010110
0000000010101011110001101010011111101111100111011011001001000110
0000000010101100000010000011000100100110111010010111100011011000
0000000010101100010010011011101001011110001101010011111110010110
0000000010101100100010110100001110010101100000010000011000100000
0000000010101100110011001100110011001100110011001100110011001110
0000000010101101000011100101011000000100000110001001001110010010
0000000010101101010011111101111100111011011001000101101000011110
0000000010101101100100010110100001110010101100000010000010111000
0000000010101101110100100110100000100001111111011111011100001110
0000000010101110000101000111101011100001010001111010111000101110
0000000010101110010101100000010000011000100100110111010011001100
0000000010101110100101111000110101001111110111110011101101110000
0000000010101110110110010001011010000111001010110000001000010010
0000000010101111000110101001111110111110011101101100100010110110
0000000010101111010111000010100011110101110000101000111101010010
0000000010101111100111011011001000101101000011100101011000010000
0000000010101111110111110011101101100100010110100001110010110100
0000000010110000001000001100010010011011101001011110001101000010
0000000010110000011000100100110111010010111100011010101000011000
0000000010110000101000111101011100001010001111010111000010011000
0000000010110000111001010110000001000001100010010011011100111100
0000000010110001001001101110100101111000110101001111111000001100
0000000010110001011010000111001010110000001000001100010010100000
0000000010110001101010011111101111100111011011001000101101000000
0000000010110001111010111000010100011110101110000101001000101000
0000000010110010001011010000111001010110000001000001100010101000
0000000010110010011011101001011110001101010011111101111101010000
0000000010110010101100000010000011000100100110111010010110111110
0000000010110010111100011010100111111011111001110110110010000100
0000000010110011001100110011001100110011001100110011001101010000
0000000010110011011101001011110001101010011111101111100111101000
0000000010110011101101100100010110100001110010101100000010011000
0000000010110011111101111100111011011001000101101000011100101110
0000000010110100001110010101100000010000011000100100110111011000
0000000010110100011110101110000101000111101011100001010001110000
0000000010110100101111000110101001111110111110011101101100100000
0000000010110100111111011111001110110110010001011010000111000110
0000000010110101001111110111110011101101100100010110100010100010
0000000010110101100000010000011000100100110111010010111100001010
0000000010110101110000101000111101011100001010001111010111011000
0000000010110110000001000001100010010011011101001011110001110110
0000000010110110010001011010000111001010110000001000001100010100
0000000010110110100001110010101100000010000011000100100110101000
0000000010110110110010001011010000111001010110000001000001110110
0000000010110111000010100011110101110000101000111101011100001100
0000000010110111010010111100011010100111111011111001110110110000
0000000010110111100011010100111111011111001110110110010001010010
0000000010110111110011101101100100010110100001110010101100000000
0000000010111000000100000110001001001101110100101111000110011000
0000000010111000010100011110101110000101000111101011100001010110
0000000010111000100100110111010010111100011010100111111011111000
0000000010111000110101001111110111110011101101100100010110111000
0000000010111001000101101000011100101011000000100000110000111110
0000000010111001010110000001000001100010010011011101001011011100
0000000010111001100110011001100110011001100110011001100111000000
0000000010111001110110110010001011010000111001010110000001000000
0000000010111010000111001010110000001000001100010010011011010000
0000000010111010010111100011010100111111011111001110110110010110
0000000010111010100111111011111001110110110010001011010000110010
0000000010111010111000010100011110101110000101000111101011001100
0000000010111011001000101101000011100101011000000100000110001010
0000000010111011011001000101101000011100101011000000100000010010
0000000010111011101001011110001101010011111101111100111011001110
0000000010111011111001110110110010001011010000111001010110010010
0000000010111100001010001111010111000010100011110101110000100010
0000000010111100011010100111111011111001110110110010001011110110
0000000010111100101011000000100000110001001001101110100110010110
0000000010111100111011011001000101101000011100101011000000011100
0000000010111101001011110001101010011111101111100111011011101000
0000000010111101011100001010001111010111000010100011110101110000
0000000010111101101100100010110100001110010101100000010000101110
0000000010111101111100111011011001000101101000011100101010111100
0000000010111110001101010011111101111100111011011001000101011010
0000000010111110011101101100100010110100001110010101100000001110
0000000010111110101110000101000111101011100001010001111010111110
0000000010111110111110011101101100100010110100001110010101100010
0000000010111111001110110110010001011010000111001010110000010000
0000000010111111011111001110110110010001011010000111001010011110
0000000010111111101111100111011011001000101101000011100101011010
0000000010111111111111111111111111111111111111111111111111111110
0000000011000000010000011000100100110111010010111100011010001110
0000000011000000100000110001001001101110100101111000110100110010
0000000011000000110001001001101110100101111000110101001111110000
0000000011000001000001100010010011011101001011110001101010010110
0000000011000001010001111010111000010100011110101110000101010110
0000000011000001100010010011011101001011110001101010011111111010
0000000011000001110010101100000010000011000100100110111010011000
0000000011000010000011000100100110111010010111100011010101100010
0000000011000010010011011101001011110001101010011111101111010100
0000000011000010100011110101110000101000111101011100001010011010
0000000011000010110100001110010101100000010000011000100101000110
0000000011000011000100100110111010010111100011010100111111001110
0000000011000011010100111111011111001110110110010001011010011100
0000000011000011100101011000000100000110001001001101110101010100
0000000011000011110101110000101000111101011100001010001111100010
0000000011000100000110001001001101110100101111000110101001100110
0000000011000100010110100001110010101100000010000011000100110100
0000000011000100100110111010010111100011010100111111011111101000
0000000011000100110111010010111100011010100111111011111001100100
0000000011000101000111101011100001010001111010111000010100010010
0000000011000101011000000100000110001001001101110100101111000110
0000000011000101101000011100101011000000100000110001001001110110
0000000011000101111000110101001111110111110011101101100100010010
0000000011000110001001001101110100101111000110101001111110101110
0000000011000110011001100110011001100110011001100110011001010110
0000000011000110101001111110111110011101101100100010110100110110
0000000011000110111010010111100011010100111111011111001110011010
0000000011000111001010110000001000001100010010011011101001111000
0000000011000111011011001000101101000011100101011000000011111100
0000000011000111101011100001010001111010111000010100011110100000
0000000011000111111011111001110110110010001011010000111001010100
0000000011001000001100010010011011101001011110001101010011110010
0000000011001000011100101011000000100000110001001001101110100110
0000000011001000101101000011100101011000000100000110001001010110
0000000011001000111101011100001010001111010111000010100011101110
0000000011001001001101110100101111000110101001111110111110101010
0000000011001001011110001101010011111101111100111011011001010000
0000000011001001101110100101111000110101001111110111110011101110
0000000011001001111110111110011101101100100010110100001111011010
0000000011001010001111010111000010100011110101110000101000111010
0000000011001010011111101111100111011011001000101101000011110000
0000000011001010110000001000001100010010011011101001011110011100
0000000011001011000000100000110001001001101110100101111000100100
0000000011001011010000111001010110000001000001100010010100000000
0000000011001011100001010001111010111000010100011110101101111100
0000000011001011110001101010011111101111100111011011001001001000
0000000011001100000010000011000100100110111010010111100010111110
0000000011001100010010011011101001011110001101010011111110001010
0000000011001100100010110100001110010101100000010000011000100000
0000000011001100110011001100110011001100110011001100110011011100
0000000011001101000011100101011000000100000110001001001110010110
0000000011001101010011111101111100111011011001000101101000110010
0000000011001101100100010110100001110010101100000010000011001000
0000000011001101110100101111000110101001111110111110011110010110
0000000011001110001001110000011001000111001100111111000011001000
0000000011001110010101100000010000011000100100110111010010101010
0000000011001110100101111000110101001111110111110011101100111110
0000000011001110110110010001011010000111001010110000000111110100
0000000011001111000110101001111110111110011101101100100010111110
0000000011001111010111000010100011110101110000101000111101000100
0000000011001111100111011011001000101101000011100101011000100010
0000000011001111110111110011101101100100010110100001110010111010
0000000011010000001000001100010010011011101001011110001101010110
0000000011010000011000100100110111010010111100011010100111111110
0000000011010000101000111101011100001010001111010111000010101010
0000000011010000111001010110000001000001100010010011011101000010
0000000011010001001001101110100101111000110101001111111000001100
0000000011010001011010000111001010110000001000001100010010001010
0000000011010001101010011111101111100111011011001000101101001110
0000000011010001111010111000010100011110101110000101000111101110
0000000011010010001011010000111001010110000001000001100010001100
0000000011010010011011101001011110001101010011111101111101011000
0000000011010010101100000010000011000100100110111010010111100000
0000000011010010111100011010100111111011111001110110110010011100
0000000011010011001100110011001100110011001100110011001100100010
0000000011010011011101001011110001101010011111101111100111010000
0000000011010011101101100100010110100001110010101100000010010110
0000000011010011111101111100111011011001000101101000011100010100
0000000011010100001110010101100000010000011000100100110110111010
0000000011010100011110101110000101000111101011100001010001100110
0000000011010100101111000110101001111110111110011101101100101100
0000000011010100111111011111001110110110010001011010000111001100
0000000011010101001111110111110011101101100100010110100001100100
0000000011010101100000010000011000100100110111010010111100010000
0000000011010101110000101000111101011100001010001111010111000110
0000000011010110000001000001100010010011011101001011110001100110
0000000011010110010001011010000111001010110000001000001100010000
0000000011010110100001110010101100000010000011000100100110101100
0000000011010110110010001011010000111001010110000001000000111010
0000000011010111000010100011110101110000101000111101011100001000
0000000011010111010010111100011010100111111011111001110110011100
0000000011010111100011010100111111011111001110110110010001111010
0000000011010111110011101101100100010110100001110010101011011110
0000000011011000000100000110001001001101110100101111000110100000
0000000011011000010100011110101110000101000111101011100001010100
0000000011011000100100110111010010111100011010100111111011100100
0000000011011000110101001111110111110011101101100100010110011000
0000000011011001000101101000011100101011000000100000110001010110
0000000011011001010110000001000001100010010011011101001011101110
0000000011011001100110011001100110011001100110011001100110011010
0000000011011001110110110010001011010000111001010110000000111110
0000000011011010000111001010110000001000001100010010011011101110
0000000011011010010111100011010100111111011111001110110110101010
0000000011011010100111111011111001110110110010001011010000011100
0000000011011010111000010100011110101110000101000111101011100000
0000000011011011001000101101000011100101011000000100000110011110
0000000011011011011001000101101000011100101011000000100000110010
0000000011011011101001011110001101010011111101111100111100000000
0000000011011011111001110110110010001011010000111001010101011110
0000000011011100001010001111010111000010100011110101110001000000
0000000011011100011010100111111011111001110110110010001010100000
0000000011011100101011000000100000110001001001101110100110000110
0000000011011100111011011001000101101000011100101011000000110100
0000000011011101001011110001101010011111101111100111011011011000
0000000011011101011100001010001111010111000010100011110110001000
0000000011011101101100100010110100001110010101100000001111111110
0000000011011101111100111011011001000101101000011100101011001010
0000000011011110001101010011111101111100111011011001000101001010
0000000011011110011101101100100010110100001110010101100000001000
0000000011011110101110000101000111101011100001010001111010101100
0000000011011110111110011101101100100010110100001110010101101100
0000000011011111001110110110010001011010000111001010110000000010
0000000011011111011111001110110110010001011010000111001010100000
0000000011011111101111100111011011001000101101000011100101001000
0000000011011111111111111111111111111111111111111111111111110100
0000000011100000010000011000100100110111010010111100011010101100
0000000011100000100000110001001001101110100101111000110101011010
0000000011100000110001001001101110100101111000110101001111101110
0000000011100001000001100010010011011101001011110001101010011100
0000000011100001010001111010111000010100011110101110000100110000
0000000011100001100010010011011101001011110001101010011111100010
0000000011100001110010101100000010000011000100100110111001111010
0000000011100010000011000100100110111010010111100011010101000110
0000000011100010010011011101001011110001101010011111101111100000
0000000011100010100011110101110000101000111101011100001010001110
0000000011100010110100001110010101100000010000011000100100001010
0000000011100011000100100110111010010111100011010101000000000110
0000000011100011010100111111011111001110110110010001011010001100
0000000011100011100101011000000100000110001001001101110101001000
0000000011100011110101110000101000111101011100001010001111000000
0000000011100100000110001001001101110100101111000110101010001110
0000000011100100010110100001110010101100000010000011000100110010
0000000011100100100110111010010111100011010100111111011111000000
0000000011100100110111010010111100011010100111111011111001101000
0000000011100101000111101011100001010001111010111000010101010100
0000000011100101011000000100000110001001001101110100101111101010
0000000011100101101000011100101011000000100000110001001001111000
0000000011100101111000110101001111110111110011101101100100111110
0000000011100110001001001101110100101111000110101001111110011110
0000000011100110011001100110011001100110011001100110011001011000
0000000011100110101001111110111110011101101100100010110100100110
0000000011100110111010010111100011010100111111011111001111100100
0000000011100111001010110000001000001100010010011011101001101000
0000000011100111011011001000101101000011100101011000000011111000
0000000011100111101011100001010001111010111000010100011110101100
0000000011100111111011111001110110110010001011010000111001101100
0000000011101000001100010010011011101001011110001101010011110010
0000000011101000011100101011000000100000110001001001101111000000
0000000011101000101101000011100101011000000100000110001000110100
0000000011101000111101011100001010001111010111000010100100010100
0000000011101001001101110100101111000110101001111110111110011000
0000000011101001011110001101010011111101111100111011011000111010
0000000011101001101110100101111000110101001111110111110011111110
0000000011101001111110111110011101101100100010110100001110111010
0000000011101010001111010111000010100011110101110000101001000110
0000000011101010011111101111100111011011001000101101000011010110
0000000011101010110000001000001100010010011011101001011110011010
0000000011101011000000100000110001001001101110100101111000111010
0000000011101011010000111001010110000001000001100010010011000010
0000000011101011100001010001111010111000010100011110101110001110
0000000011101011110001101010011111101111100111011011001000100100
0000000011101100000010000011000100100110111010010111100011100000
0000000011101100010010011011101001011110001101010011111101101100
0000000011101100100010110100001110010101100000010000011000111010
0000000011101100110011001100110011001100110011001100110010101110
0000000011101101000011100101011000000100000110001001001110011010
0000000011101101010011111101111100111011011001000101101000100010
0000000011101101100100010110100001110010101100000010000011100000
0000000011101101110100101111000110101001111110111110011101111000
0000000011101110000101000111101011100001010001111010111000100100
0000000011101110010101100000010000011000100100110111010010110000
0000000011101110100101111000110101001111110111110011101101111100
0000000011101110110110010001011010000111001010110000001000100000
0000000011101111000110101001111110111110011101101100100010110000
0000000011101111010111000010100011110101110000101000111100110110
0000000011101111100111011011001000101101000011100101011000110100
0000000011101111110111110011101101100100010110100001110010101010
0000000011110000001000001100010010011011101001011110001101011000
0000000011110000011000100100110111010010111100011010101000000010
0000000011110000101000111101011100001010001111010111000010101110
0000000011110000111001010110000001000001100010010011011101110010
0000000011110001001001101110100101111000110101001111111000010000
0000000011110001011010000111001010110000001000001100010010110110
0000000011110001101010011111101111100111011011001000101101001000
0000000011110001111010111000010100011110101110000101000111111100
0000000011110010001011010000111001010110000001000001100010101010
0000000011110010011011101001011110001101010011111101111101100100
0000000011110010101100000010000011000100100110111010010111010100
0000000011110010111100011010100111111011111001110110110010000110
0000000011110011001100110011001100110011001100110011001100100100
0000000011110011011101001011110001101010011111101111100111110000
0000000011110011101101100100010110100001110010101100000010001000
0000000011110011111101111100111011011001000101101000011100001000
0000000011110100001110010101100000010000011000100100110111101100
0000000011110100011110101110000101000111101011100001010001011100
0000000011110100101111000110101001111110111110011101101101010000
0000000011110100111111011111001110110110010001011010000111100000
0000000011110101001111110111110011101101100100010110100001110100
0000000011110101100000010000011000100100110111010010111011110010
0000000011110101110000101000111101011100001010001111010110111010
0000000011110110000001000001100010010011011101001011110001111000
0000000011110110010001011010000111001010110000001000001011110100
0000000011110110100001110010101100000010000011000100100111000000
0000000011110110110010001011010000111001010110000001000001110110
0000000011110111000010100011110101110000101000111101011100000110
0000000011110111010010111100011010100111111011111001110110101010
0000000011110111100011010100111111011111001110110110010001001000
0000000011110111110011101101100100010110100001110010101100001110
0000000011111000000100000110001001001101110100101111000110000000
0000000011111000010100011110101110000101000111101011100001001010
0000000011111000100100110111010010111100011010100111111011010110
0000000011111000110101001111110111110011101101100100010110001100
0000000011111001000101101000011100101011000000100000110001011000
0000000011111001010110000001000001100010010011011101001011110000
0000000011111001100110011001100110011001100110011001100110111100
0000000011111001110110110010001011010000111001010110000000010010
0000000011111010000111001010110000001000001100010010011100000000
0000000011111010010111100011010100111111011111001110110110011100
0000000011111010100111111011111001110110110010001011010001001010
0000000011111010111000010100011110101110000101000111101011111110
0000000011111011001000101101000011100101011000000100000110000000
0000000011111011011001000101101000011100101011000000100000100110
0000000011111011101001011110001101010011111101111100111100010010
0000000011111011111001110110110010001011010000111001010101111000
0000000011111100001010001111010111000010100011110101110000011000
0000000011111100011010100111111011111001110110110010001011101110
0000000011111100101011000000100000110001001001101110100101001110
0000000011111100111011011001000101101000011100101011000000110010
0000000011111101001011110001101010011111101111100111011011001110
0000000011111101011100001010001111010111000010100011110110010100
0000000011111101101100100010110100001110010101100000010000110010
0000000011111101111100111011011001000101101000011100101010011100
0000000011111110001101010011111101111100111011011001000101011100
0000000011111110011101101100100010110100001110010101100000011010
0000000011111110101110000101000111101011100001010001111010101110
0000000011111110111110011101101100100010110100001110010101011110
0000000011111111001110110110010001011010000111001010110000100100
0000000011111111011111001110110110010001011010000111001010110000
