xxxxxxxxxxxxxxxxxxxxxxxxxxxxxxxxxxxxxxxxxxxxxxxxxxxxxxxxxxxxxxxx
0000000000001011000010110110101000000000101100001001001001011100
0000000000001011000010110110101000000000101100001001001001011100
0000000000001011000010110110101000000000101100001001001001011100
0000000000001011000010110110101000000000101100001001001001011100
0000000000001011000010110110101000000000101100001001001001011100
0000000000001011000010110110101000000000101100001001001001011100
0000000000001011000010110110101000000000101100001001001001011100
0000000000001011000010110110101000000000101100001001001001011100
0000000000001011000010110110101000000000101100001001001001011100
0000000000001100001100110001111110111100100111100010001101100010
0000000000001101010110111010101101000010011010011111000101101100
0000000000001110100000011000110111101010100010111100111100000100
0000000000001111101001001101001111001111110001011100100010111000
0000000000010000110001011000100010111010111100011001000000101110
0000000000010001111000111011100000100101110111010000010111011000
0000000000010010111111110110110100111110000001110000111011000010
0000000000010100000110001011001011100111001111100101001100000100
0000000000010101001011111001001110111110001000110111010000101010
0000000000010110010001000001101000011010100100000010011110011100
0000000000010111010101100101000000010001111001001001011001101100
0000000000011000011001100011111101111001001111000100011011000110
0000000000011001011100111111000111100111100010111100011010110000
0000000000011010011111110111000010110111101010000011101010010100
0000000000011011100010001100010100001010001110011110001001100110
0000000000011100100011111111011111000111100110101001101000010110
0000000000011101100101010001000110100001101000010100100001101010
0000000000011110100110000001101100010101010110110010010110001010
0000000000011111100110010001110001101100101100111011001101110110
0000000000100000100110000001110111000000000011000011011010110110
0000000000100001100101010010011011110111110000110111001110111010
0000000000100010100100000011111111001101101011100110100110011100
0000000000100011100010010110111111001110100000101011100111011110
0000000000100100100000001011111001011011001100110110001011011110
0000000000100101011101100011001010101010010000000110101011000010
0000000000100110011010011101001111001000111110100000111111101100
0000000000100111010110111010100010011100101110000000110000101000
0000000000101000010010111011011111100100000001010111000011111000
0000000000101001001110100000100000110111110000011001110001011110
0000000000101010001001101010000000001100001101101011111110011110
0000000000101011000101100001101100010110010101110111110110110110
0000000000101011111110101011111101010111110011001000000100001110
0000000000101100111000100101001100001001110110010001111000110110
0000000000101101110010000100011010110100011000011001011100011000
0000000000101110101011001010000000100011110010010010110011101100
0000000000101111100011110110010100000101101000011010100011010110
0000000000110000011100001001101011101001100001000100000111011000
0000000000110001010100000100011101000001111000110001101100011100
0000000000110010001011100110111101100100110100111010100010011100
0000000000110011000010110001100010001100110100100100001011111000
0000000000110011111001100100011111011001011111110011000010010100
0000000000110100110000000000001001010000010101010110011111000010
0000000000110101100110000100110011011101010110110100011101010110
0000000000110110011011110010110001010011110011011000010110100000
0000000000110111010001001010010101101110110001001000110010010000
0000000000111000000110001011110011010001110101000111110010001000
0000000000111000111010110111011100001001101010000000101000110000
0000000000111001101111001101100010001100100101100110100011011010
0000000000111010100011001110010110111011001101000111001101110100
0000000000111011010110111010001011100000111000010100000001001010
0000000000111100001010010001010000110100010011100100110110010110
0000000000111100111101010011110111011000000000110110111100010110
0000000000111101110000000010001111011010110111101010011001101010
0000000000111110100010011100101000111000100100000000110010101100
0000000000111111010100100011010011011010000100011111000110111100
0000000001000000000110010110011110010110000111010101010000000010
0000000001000000110111110110011000110001100110101101010101010000
0000000001000001101001000011010001100000000100000100100100110000
0000000001000010011001111101010111000100000010101111111110011100
0000000001000011001010100100110111101111100001101110011101110000
0000000001000011111010111010000001100100010100101010011001000110
0000000001000100101010111101000010010100011100001100000011001100
0000000001000101011010101110000111100010011101011110110111100100
0000000001000110001010001101011110100001111001001010111000100110
0000000001000110111001011011010100010111100001100011111101001110
0000000001000111101000010111110101111001110000010000001101001000
0000000001001000010111000011001111110000111011000111000100000010
0000000001001001000101011101101110010111101000101010010011010100
0000000001001001110011100111011101111011000011111010001111011100
0000000001001010100001100000101010011011001111100110100001011010
0000000001001011011000011000111001110011001010110100111000111000
0000000001001011111100100010001001010010001001110100001010110000
0000000001001100101001101010110010101001111010011101110011011110
0000000001001101010110100011100111000001000010101111011101001110
0000000001001110000011001100110001011010001010110101001110010100
0000000001001110101111100110011100101100011011100100001011001110
0000000001001111011011110000110011100011101110010001001100001110
0000000001010000000111101100000000100000111100001100100110110000
0000000001010000110011011000001101111010001101100011100000111110
0000000001010001011110110101100101111011001000000111100100010100
0000000001010010001010000100010010100100111101011110000101111110
0000000001010010110101000100011101101110111000110111010010010100
0000000001010011011111110110010001000110001100101110010000011000
0000000001010100001010011001110110001110011111110010100110011100
0000000001010100110100101111010110100001111001111100010000010100
0000000001010101011110110110111011010001010000101010010001010000
0000000001010110001000110000101101100100010011001101001001000010
0000000001010110110010011100110110011001110110011101010101111100
0000000001010111011011111011011110101000000000011110101010000000
0000000001011000000101001100101110111100010011110000111000010100
0000000001011000101110010000101111111011111010001110011111001010
0000000001011001010111000111101010000011101111111001101101011100
0000000001011001111111110001100101101000101101011000101100101010
0000000001011010101000001110101010110111110010000001000111111110
0000000001011011010000011111000001110110001101110011110011000110
0000000001011011111000100010110010100001101011001000101111001000
0000000001011100100000011010000100110000011000001100001010011000
0000000001011101001000000101000000010001010000001100110100010100
0000000001011101101111100011101100101100000100011100000101011100
0000000001011110010110110110010001100001100101000000010011101000
0000000001011110111101111100110110001011101001011001100111000000
0000000001011111100100110111100001111101011000111001110010111010
0000000001100000001011100110011100000011010010101111011110001010
0000000001100000110010001001101011100011010110000100111011001100
0000000001100001011000100001010111011101001001110011000010001000
0000000001100001111110101101100110101010000100001000100000010000
0000000001100010100100101110011111111101010010000101110110011110
0000000001100011001010100100001010000011111110101110010110110010
0000000001100011110000001110101011100101011010001110010111100100
0000000001100100010101101110001011000011000000110111001001111110
0000000001100100111011000010101110111000100001110000101100101100
0000000001100101100000001100011101011100000101100001101000001000
0000000001100110000101001011011100111110010100101101100101001000
0000000001100110101001111111110011101010011110001010010000011010
0000000001100111001110101001100111100110011101001011011011001000
0000000001100111110011001000111110110010111111100110000100111100
0000000001101000010111011101111111001011101011101011000010011010
0000000001101000111011101000101110100111000101111001001011000010
0000000001101001011111101001010010110110110110100111011111100100
0000000001101010000011011111110001100111101111100111010111000000
0000000001101010100111001100010000100001110001011110110110110010
0000000001101011001010101110110101001000010000111011110100110100
0000000001101011101110000111100100111001111011111111011010000000
0000000001101100010001010110100101010000111111000010100101001000
0000000001101100110100011011111011100011001001110011101011010110
0000000001101101010111010111101101000001110100001101001001011100
0000000001101101111010001001111110111010000011000101101111110010
0000000001101110011100110010110110010100101100111010010000001010
0000000001101110111111010010011000010110011110010000111101101010
0000000001101111100001101000101001111111111110010111000010001100
0000000001110000000011110101110000001101110011010111111001000100
0000000001110000100101111001101111111000100110101110110100011110
0000000001110001000111110100101101110101001001010010111010010100
0000000001110001101001100110101110110100010111011101011100001000
0000000001110010001011001111110111100011011101001010111001101110
0000000001110010101100110000001100101011111001110110110001101010
0000000001110011001110000111110010110011100100010010001001000110
0000000001110011101111010110101110011100101110010101010100110100
0000000001110100010000011101000100000110001000101100101000110100
0000000001110100110001011010111000001011000110100000010111011110
0000000001110101010010010000001111000011100000111000000111101100
0000000001110101110010111101001101000011111010011001100110110000
0000000001110110010011100001110110011101100010100011000001000010
0000000001110110110011111110001111011110011001000001000100011110
0000000001110111010100010010011100010001010001000000110101011010
0000000001110111110100011110100000111101110100011101011011111000
0000000001111000010100100010100001101000100111001001101101000100
0000000001111000110100011110100010010011001001110101111101110110
0000000001111001010100010010100110111011111101010001111010000110
0000000001111001110011111110110011011110100101001010101111110010
0000000001111010010011100011001011110011101011000101101110001000
0000000001111010110010111111110011110001000001010110111111101110
0000000001111011010010010100101111001001100101110101000101101010
0000000001111011110001100010000001101101100100101000110110001000
0000000001111100010000100111101111001010011010111010000110101000
0000000001111100101111100101111011001010111001011001000110100110
0000000001111101001110011100101001010111000111000100101010100010
0000000001111101101101001011111101010100100011101101010001111100
0000000001111110001011110011111010100110001010010101001010000100
0000000001111110101010010100100100101100010011101101010000111110
0000000001111111001000101101111111000100111000101111011110110110
0000000001111111100111000000001101001011010100110101111000010100
0000000010000000000101001011010010011000101000001111001111110100
0000000010000000100011001111010010000011011010010000110101110000
0000000010000001000001001100001111011111111011100101100010111010
0000000010000001011111000010001110000000001000011010010101010000
0000000010000001111100110001010000110011101010101000010000110100
0000000010000010011010011001011011000111111011111011111011000110
0000000010000010110111111010110000001000000111111010011101100110
0000000010000011010101010101010010111101001110000100001110101110
0000000010000011110010101001000110101110000011110101000011101100
0000000010000100001111110110001110011111010110100010010010101010
0000000010000100101100111100101101010011101101010110100011011100
0000000010000101001001111100100110001011101011001011010100100000
0000000010000101100110110101111100000101110000100000010111111110
0000000010000110000011101000110001111110011101010001001000010110
0000000010000110100000010101001010110000010010100111111011011000
0000000010000110111100111011001001010011110100101111010011111000
0000000010000111011001011010110000011111101100100001010011000100
0000000010000111110101110100000011001000101001010100110010011000
0000000010001000010010000111000100000001100010101001000010101100
0000000010001000101110010011110101111011011001101111010010111010
0000000010001001001010011010011011100101011011010010100110100000
0000000010001001100110011010110111101101000000111101110111101110
0000000010001010000010010101001100111101110011000000001011101010
0000000010001010011110001001011110000001101001101111011000100000
0000000010001010111001110111101101100000101111001001000001100100
0000000010001011010101011111111110000001100000010001101100011100
0000000010001011011011011100010111010110000101101111101110110100
0000000010001011011011011100010111010110000101101111101110110100
0000000010001101110100001110000111010100101110010011010011101100
0000000010001101110100001110000111010100101110010011010011101100
0000000010001101110100001110000111010100101110010011010011101100
0000000010001101111001010110000101000010001101001011101111010010
0000000010001110010100010101100011011001010001000010111100010100
0000000010001110101111001111010110101011000011110100100010011000
0000000010001111001010000011100001001111101101100110110101100000
0000000010001111100100110010000101011101110111001101001011101110
0000000010001111111111011011000101101010101011010111010001010110
0000000010010000011001111110100100001001110111111111001100101010
0000000010010000110100011100100011001101101111010110010001011010
0000000010010001001110110101000101000111001001010000100010010010
0000000010010001101001001000001100000101100100001111001000000010
0000000010010010000011010101111010010111000110101001011011001110
0000000010010010011101011110010010001000011111110101000010101110
0000000010010010110111100001010101100101001001001100101001100010
0000000010010011010001011111000110110111000111010101101100111010
0000000010010011101011010111101000000111001011000101000011101000
0000000010010100000101001010111011011100110010100010100000100110
0000000010010100011110111001000010111110001010001011010000001110
0000000010010100111000100010000000110000001101110011010101101000
0000000010010101010010000101110110110110101001100110000100101000
0000000010010101101011100100100111010011111011000101011011010000
0000000010010110000100111110010100001001010010001000011111001010
0000000010010110011110010010111111010110110001111000111000100110
0000000010010110110111100010101010111011010001101111010110100100
0000000010010111010000101101011000110100011110001111010010000110
0000000010010111101001110011001010111110111010000001011010000100
0000000010011000000010110100000011010101111110101101100101110000
0000000010011000011011110000000011110011111101110011101110000010
0000000010011000110100100111001110010010000001100011101110111100
0000000010011001001101011001100100101000001101110100110101101010
0000000010011001100110000111001000101101100000111011110100010010
0000000010011001111110101111111100010111110100100000100111011100
0000000010011010010111010100000001011011111110010011000011111010
0000000010011010101111110011011001101101110000111110110010101010
0000000010011011001000001110000110111111111100111110011101101010
0000000010011011100000100100001011000100010001001110001000100010
0000000010011011111000110101100111101011011011111100111100110110
0000000010011100010001000010011110100101001011011110000100101100
0000000010011100101001001010110001100000001110111000111000011010
0000000010011101000001001110100010001010010110111000011110111110
0000000010011101011001001101110010010000010110011010100010010110
0000000010011101110001001000100011011110000011011101010110011000
0000000010011110001000111110110111011110010111101101010110101000
0000000010011110100000110000101111111011010001010001111001010100
0000000010011110111000011110001110011101110011011001010111101010
0000000010011111010000000111010100101110000111000100110000001100
0000000010011111100111101100000100010011011011110010011100100000
0000000010011111111111001100011110110100001000001000100101101100
0000000010100000010110101000100101110101101010011110101100010010
0000000010100000101110000000011010111100101001100110101101110100
0000000010100001000101010011111111101100110101010101100011001010
0000000010100001011100100011010101101001000111001010111011101000
0000000010100001110011101110011110010011100010111000110010001010
0000000010100010001010110101011011001101010111001010000000011010
0000000010100010100001111000001101110110111110001000101110100110
0000000010100010111000110110110111101111111110000100000000010000
0000000010100011001111110001011010010111001001110101000000100110
0000000010100011100110100111110111001010100001100011101100010110
0000000010100011111101011010001111100111010011001010111011100010
0000000010100100010100001000100101001001111010111100001011110110
0000000010100100101010110010111001001110000100000010101001110100
0000000010100101000001011001001101001110101001000101111100111000
0000000010100101010111111011100010100101110100101100010010100010
0000000010100101101110011001111010101101000001111100001111000100
0000000010100110000100110100010110111100111100111101111100011010
0000000010100110011011001010111000101101100011011011111110110110
0000000010100110110001011101100001010110000101000011101101010100
0000000010100111000111101100010010001101000100000101001011100110
0000000010100111011101110111001100101000010101110010101010001000
0000000010100111110011111110010001111101000010111111101011001110
0000000010101000001010000001100011011111101000011111101011010110
0000000010101000100000000001000010100011110111100100010001110110
0000000010101000110101111100110000011100110110011011000101111010
0000000010101001001011110100101110011101000000101011001010001110
0000000010101001100001101000111101110110000111110010000000001000
0000000010101001110111011001011111111001010011100000010001011100
0000000010101010001101000110010101110111000010010110000011001110
0000000010101010100010101111100000111111001001111110101111010000
0000000010101010111000010101000010100000110111101100100101000110
0000000010101011001101110110111011101010110000110011110111111010
0000000010101011100011010101001101101010110011000101110001101110
0000000010101011111000101111111001101110010101001010110000001110
0000000010101100001110000111000001000010000110111100101111100100
0000000010101100100011011010100100110010010010000000111001110100
0000000010101100111000101010100110001010011010000001000101011100
0000000010101101001101110111000110010101011101000100111100100000
0000000010101101100011000000000110011101110100001010101111100000
0000000010101101111000000101100111101101010011011111110100010100
0000000010101110001101000111101011001101001010111000110000101010
0000000010101110100010000110010010000110000110001001010000000010
0000000010101110110111000001011101100000001101011011101000000110
0000000010101111001011111001001110100011000101101000001000000000
0000000010101111100000101101100110010101110000101011110100111110
0000000010101111110101011110100101111110101101111111010101101100
0000000010110000001010001100001110100011111010101101001001000010
0000000010110000011110110110100001001010110010000111101110011000
0000000010110000110011011101011110111000001101111111010111100110
0000000010110001001000000001001000110000100110110111101100111100
0000000010110001011100100001011111110111110100011100111110001110
0000000010110001110000111110100101010001001101111001000011010110
0000000010110010000101011000011001111111101010001000001100101010
0000000010110010011001101110111111000101100000001101100000011000
0000000010110010101110000010010101100100100111100111001011111000
0000000010110011000010010010011110011110011000100010100001010010
0000000010110011010110011111011010110011101100001111100111001100
0000000010110011101010101001001011100100111101010100110111110110
0000000010110011111110101111110001110010001000000010010010001100
0000000010110100010010110011001110011010101010100100011010111000
0000000010110100100110110011100010011101100101010111001110011100
0000000010110100111010110000101110111001011011011000100101011010
0000000010110101001110101010110100101100010010011010101001010010
0000000010110101100010100001110100110011110011010101111100110010
0000000010110101110110010101110000001101001010011011010011000110
0000000010110110001010000110100111110101000111100101011100110110
0000000010110110011101110100011100100111111110101010100100100100
0000000010110110110001011111001111100001100111101101100000001010
0000000010110111000101000111000001011101011111001110110010101100
0000000010110111011000101011110011010110100110011101100011011100
0000000010110111101100001101100110000111100011101000000110001110
0000000010110111111111101100011010101010100010001100011000101010
0000000010111000010011001000010001111001010011001000010001111010
0000000010111000100110100001001100101101001101001001100101111000
0000000010111000111001110111001011111111001100111101111101001000
0000000010111001001101001010010000100111110101100010100000111000
0000000010111001100000011010011011011111010000010011011010011100
0000000010111001110011100111101101011101001101011011000110111100
0000000010111010000110110010000111011001000100000001100001010100
0000000010111010011001111001101010001001110010011010111110000000
0000000010111010101100111110010110100101111110010110111111001010
0000000010111011000000000000001101100011110101001110111010010110
0000000010111011010010111111001111111001001100010100010101011110
0000000010111011100101111011011110011011100000111111011000101110
0000000010111011111000110100111001111111111000111100110101111110
0000000010111100001011101011100011011011000010011100000101000000
0000000010111100011110011111011011100001010100011100110110110000
0000000010111100110001010000100011000110101110111100111100101100
0000000010111101000011111110111010111110111011000101101000111010
0000000010111101010110101010100011111101001011011001000001100000
0000000010111101101001010011011110110100011011111111001011101100
0000000010111101111011111001101100010111010010110011001101111000
0000000010111110001110011101001101010111111111110000000111010010
0000000010111110100000111110000010101000011100111101011101101100
0000000010111110110011011100001100111010001110111100000100001110
0000000010111111000101110111101100111110100100110010010111001100
0000000010111111011000010000100011100110011000011000101111011110
0000000010111111101010100110110001100010001110100101101101011100
0000000010111111111100111010010111100010010111011001111010010110
0000000011000000001111001011010110010110101110001100000001110110
0000000011000000100001011001101110101110111001110100100100001000
0000000011000000110011100101100001011010001100111001011100000010
0000000011000001000101101110101111000111100101111001100001010000
0000000011000001010111110101011000100101101111011000000000010110
0000000011000001101001111001011110100011000000000111101001110110
0000000011000001111011111011000001101101011011010101111011001000
0000000011000010001101111010000010110010110000110101111110110110
0000000011000010011111110110100010100000011101001011100101011110
0000000011000010110001110000100001100011101001110101110101111000
0000000011000011000011101000000000101001001101011001110111111100
0000000011000011010101011101000000011101101011101101010110000000
0000000011000011100111001111100001101101010110000000110111000000
0000000011000011111000111111100101000100001011001010010011100010
0000000011000100001010101101001011001101110111101111000001101000
0000000011000100011100011000010100110101110110001101111001000110
0000000011000100101110000001000010100111001111001001010011110010
0000000011000100111111100111010101001100111001010001000100001110
0000000011000101010001001011001101010001011001101100000110011010
0000000011000101100010101100101011011111000100000010001010010110
0000000011000101110100001011110000011111111010100101010111010000
0000000011000110000101101000011100111101101110011011101000100010
0000000011000110010111000010110001100001111111101000000101001100
0000000011000110101000011010101110110101111101010100001110110100
0000000011000110111001110000010101100010100101111001001100110100
0000000011000111001011000011100110010000100111001000101111011110
0000000011000111011100010100100001101000011110010110001101101010
0000000011000111101101100011001000010010011000011111011100111110
0000000011000111111110101111011010110110010010010101100010111100
0000000011001000001111111001011001111011111000100101100001001010
0000000011001000100001000001000110001010101000000000111011110100
0000000011001000110010000110100000001001101101100110011000000110
0000000011001001000011001001101000100000000110101001111001000110
0000000011001001010100001010011111110100100000111101010011110010
0000000011001001100101001001000110101101011010111000011101111100
0000000011001001110110000101011101110001000011100001011001011010
0000000011001010000110111111100101100101011010110100011000000000
0000000011001010010111110111011110110000010001101011111011001010
0000000011001010101000101101001001110111001010001000101101110000
0000000011001010111001100000100111011111010111011001011000111110
0000000011001011001010010001111000001101111110000010010100100000
0000000011001011011011000000111100100111110100000101010000111100
0000000011001011101011101101110101010001100001001000111101001110
0000000011001011111100011000100010101111011110100000101000001110
0000000011001100001101000001000101100101110111010011011011101100
0000000011001100011101100111011110011000101000100011110011111000
0000000011001100101110001011101101101011100001010110110001100100
0000000011001100111110101101110100000010000010111011000111111100
0000000011001101001111001101110001111111100000110000100100111100
0000000011001101011111101011101000000111000000101110110110110000
0000000011001101110000000111010110111011011011001100101010000110
0000000011001110001001110000011001000111001100111111000011001000
0000000011001110010000111000100000110101011110000110000110001010
0000000011001110100001001101111100111111110100101000000101101110
0000000011001110110001100001010100000000100010000011110101000100
0000000011001111000001110010100110011001011100110001100000000100
0000000011001111010010000001110100101100001110010000110100010000
0000000011001111100010001110111111011010010011001111100011100110
0000000011001111110010011010000111000100111011101111111111011010
0000000011010000000010100011001100001101001011001111010100100000
0000000011010000010010101010001111010011111000101011111110110000
0000000011010000100010101111010000111001101110101011111010101100
0000000011010000110010110010010001011111001011100010110011101000
0000000011010001000010110011010001100100100001011000001100001110
0000000011010001010010110010010001101001110110001101100100101000
0000000011010001100010101111010010001111000100000100011100111110
0000000011010001110010101010010011110011111001000100010010000100
0000000011010010000010100011010110110111110111100000011001000110
0000000011010010010010011010011011111010010101111101110110001000
0000000011010010100010001111100011011010011111011001001110100110
0000000011010010110010000010101101110111010011001100011010001110
0000000011010011000001110011111011101111100101010100001101001010
0000000011010011010001100011001101100001111110010110000010000100
0000000011010011100001010000100011101100111011100101011110111010
0000000011010011110000111011111110101110101111001001110101111100
0000000011010100000000100101011111000101100000000011100100101010
0000000011010100010000001101000101001111001010010001101110110000
0000000011010100011111110010110001101001011110110111010100111000
0000000011010100101111010110100100110010000100000000101010100000
0000000011010100111110111000011111000110010101001000100101101010
0000000011010101001110011000100001000011100010111101101101100100
0000000011010101011101110110101011000110110011100111100101101110
0000000011010101101101010010111101101101000010101011110100100010
0000000011010101111100101101011001010011000001010011001001100010
0000000011010110001100000101111110010101010110001110011101010000
0000000011010110011011011100101101010000011101111011110000111100
0000000011010110101010110001100110100000101010101011001001110110
0000000011010110111010000100101010100010000100100011101001001010
0000000011010111001001010101111001110000101001101000000010111110
0000000011010111011000100101010100101000001101111011110000000110
0000000011010111100111110010111011100100011011100111011110100100
0000000011010111110110111110101111000000110010111101111101111000
0000000011011000000110001000101111011000101010100000101011010000
0000000011011000010101010000111101000111001111000100010111011010
0000000011011000100100010111011000100111100011110101101100010000
0000000011011000110011011100000010010100100010011101101110110100
0000000011011001000010011110111010101000111011000110011111010100
0000000011011001010001100000000001111111010100011111010101001010
0000000011011001100000011111011000110010001100000001011010001100
0000000011011001101111011100111111011011110101110100000001111100
0000000011011001111110011000110110010110011100110000111110101110
0000000011011010001101010010111101111100000010101000110100010110
0000000011011010011100001011010110100110100000000111001000011000
0000000011011010101011000010000000101111100100110110101111110100
0000000011011010111001110110111100110000110111100101111010000010
0000000011011011001000101010001011000011110110001010011010001010
0000000011011011010111011011101100000001110101100101101100100110
0000000011011011100110001011100000000100000010001000111100101100
0000000011011011110100111001100111100011011111011001000100010110
0000000011011100000011100110000010111001001000010010101101101010
0000000011011100010010010000110010011101101111001110001110001010
0000000011011100100000111001110110101001111110000011100010110100
0000000011011100101111100001001111110110010110001110001000001010
0000000011011100111110000110111110011011010000110000110001101110
0000000011011101001100101011000010110000111110011001011100011100
0000000011011101011011001101011101001111100111100101000010010010
0000000011011101101001101110001110001111001100100011001001111000
0000000011011101111000001101010110000111100101011001110011011110
0000000011011110000110101010110101010000100010001001000101111000
0000000011011110010101000110101100000001101010101110110110111100
0000000011011110100011100000111010110010011111001010010100010000
0000000011011110110001111001100001111010010111011111100111011110
0000000011011111000000010000100001110000100011111011011011000000
0000000011011111001110100101111010101100001100110110011010101110
0000000011011111011100111001101101000100010010111000110011111010
0000000011011111101011001011111001001111101110111101110010111000
0000000011011111111001011100011111100101010010010110111110100100
0000000011100000000111101011100000011011100110101111110010000100
0000000011100000010101111000111100001001001110010000110100111110
0000000011100000100100000100110011000100100011100011010001011110
0000000011100000110010001111000101100011111001110100000111111110
0000000011100001000000010111110011111101011100110111100001100100
0000000011100001001110011110111110100111010001001100000001010100
0000000011100001011100100100100101110111010011111101110001110000
0000000011100001101010101000101010000011011011001001110011001100
0000000011100001111000101011001011100001010101100001000101100110
0000000011100010000110101100001010100110101010101011110010111000
0000000011100010010100101011100111101000111011001100010110111010
0000000011100010100010101001100010111101100000100010100100100010
0000000011100010110000100101111100111001101101001110101010110000
0000000011100010111110100000110101110010101100110100010111001000
0000000011100011001100011010001101111101100011111101110111001000
0000000011100011011010010010000101101111010000011110110111011110
0000000011100011101000001000011101011100101001010111100000110010
0000000011100011110101111101010101011010011110110111010101011010
0000000011100100000011110000101101111101011010100000001011100010
0000000011100100010001100010100111011001111111001001000101010100
0000000011100100011111010011000010000100101001000001001010000000
0000000011100100101101000001111110010001101101110010011010000100
0000000011100100111010101111011100010101011100100100100100110010
0000000011100101001000011011011100100011111101111111111011001000
0000000011100101010110000101111111010001010100010000000000110000
0000000011100101100011101111000100110001011011000110011011100100
0000000011100101110001010110101101011000000111111101100011110010
0000000011100101111110111100111001011001001001111011001110111110
0000000011100110001100100001101001001000001001110011011100111110
0000000011100110011010000100111100111000101010001011000001110010
0000000011100110100111100110110100111110000111011010001110001010
0000000011100110110101000111010001101011110111101111010111001100
0000000011100111000010100110010011010101001011010001011011011110
0000000011100111010000000011111010001101001100000010101001100110
0000000011100111011101100000000110100110111110000011000001011110
0000000011100111101010111010111000110101011111010010110111011110
0000000011100111111000010100010001001011100111110101010100101100
0000000011101000000101101100001111111100001001110010110110000010
0000000011101000010011000010110101011001110001011011101010101000
0000000011101000100000011000000001110111000101001010010000110000
0000000011101000101101101011110101100110100101100101110000011000
0000000011101000111010111110010000111010101101100100010101111100
0000000011101001001000001111010100000101110010001101101011111110
0000000011101001010101011110111111011010000010111101010001000110
0000000011101001100010101101010011001001101001100100110000011110
0000000011101001101111111010001111100110101010001110010101101010
0000000011101001111101000101110101000011000011011111000001000100
0000000011101010001010010000000011110000101110011000111011101100
0000000011101010010111011000111100000001011110011101100110111100
0000000011101010100100100000011110000111000001110000001111011000
0000000011101010110001100110101010010011000000110111111010010100
0000000011101010111110101011100000110110111111000001110101000010
0000000011101011001011101111000010000100011010000011100001101100
0000000011101011011000110001001110001100101010011101000011011000
0000000011101011100101110010000101100001000011011011001000100010
0000000011101011110010110001101000010010110010111001010101011010
0000000011101011111111101111110110110011000001100100001011111100
0000000011101100001100101100110001010010110010111011010100011000
0000000011101100011001101000011000000011000101010011100010110100
0000000011101100100110100010101011010100110001111000111101000010
0000000011101100110011011011101011011000101100110000111111100010
0000000011101101000000010011011000011111100100111100011111101100
0000000011101101001101001001110010111010000100011001101111000110
0000000011101101011001111110111010111000110000000110011100110000
0000000011101101100110110010110000101100001000000001110100101000
0000000011101101110011100101010100100100100111001110100000001010
0000000011101110000000010110100110110010100011110100100011101000
0000000011101110001101000110100111100110001111000011011011101100
0000000011101110011001110101010111001111110101010011111010011100
0000000011101110100110100010110101111111011110001010000001101000
0000000011101110110011001111000100000101001100010110111110001000
0000000011101110111111111010000001110000111101111011000000111010
0000000011101111001100100011101111010010101100000111010111100110
0000000011101111011001001100001100111010001011100000000100111100
0000000011101111100101110011011010110111001011111101110101101110
0000000011101111110010011001011001011001011000101111111000010100
0000000011101111111110111110001000110000011000011101110001000110
0000000011110000001011100001101001001011101101001001001101101010
0000000011110000011000000011111010111010110100001111111000111110
0000000011110000100100100100111110001101000110101101001101010000
0000000011110000110001000100110011010001111000111100000100110110
0000000011110000111101100011011010011000011010111000101011011010
0000000011110001001010000000110011101111111000000010001101000110
0000000011110001010110011100111111100111010111011100100101101110
0000000011110001100010110111111110001101111011110010001110001100
0000000011110001101111010001101111110010100011010101101010010110
0000000011110001111011101010010100100100001000000011010100011100
0000000011110010001000000001101100110001011111100011001001100010
0000000011110010010100010111111000101001011011001010010011001110
0000000011110010100000101100111000011010100111111100110010000000
0000000011110010101101000000101100010011101110101111000110100110
0000000011110010111001010011010100100011010100000111111001010110
0000000011110011000101100100110001010111111000100001100010111000
0000000011110011010001110101000010111111111000001011110001110100
0000000011110011011110000100001001101001101011001101010001100100
0000000011110011101010010010000101100011100101100101001111000010
0000000011110011110110011110110110111011110111001100111100101000
0000000011110100000010101010011110000000101011111001010111001010
0000000011110100001110110100111011000000001011011100100111101100
0000000011110100011010111110001110001000011001100111100110011110
0000000011110100100111000110010111100111010110001011011011111100
0000000011110100110011001101010111101010111100111011000010000110
0000000011110100111111010011001110100001000101101100100011110000
0000000011110101001011010111111100010111100100011010111100100100
0000000011110101010111011011100001011100001001000111010111011000
0000000011110101100011011101111101111100011111111010101100010000
0000000011110101101111011111010010000110010001000110111110000000
0000000011110101111011011111011110000111000001001000110110000000
0000000011110110000111011110100010001100010000101001000001010010
0000000011110110010011011100011110100011011100011101101010011100
0000000011110110011111011001010011011001111101101011110101010000
0000000011110110101011010101000000111101001001101000111000011000
0000000011110110110111001111100111011010010001111011110101101110
0000000011110111000011001001000110111110100100011110110100100100
0000000011110111001111000001011111110111001011100000011000011100
0000000011110111011010111000110010010001001101100100111000011110
0000000011110111100110101110111110011001101101100111110110110110
0000000011110111110010100100000100011101101010111101010110001010
0000000011110111111110011000000100101010000001010011001110111010
0000000011111000001010001010111111001011101000110010100101001110
0000000011111000010101111100110100001111010110000000111011011110
0000000011111000100001101101100100000001111010000001100111100000
0000000011111000101101011101001110110000000010010111000100101100
0000000011111000111001001011110100100110011001000100000110101110
0000000011111001000100111001010101110001100100101101001011011000
0000000011111001010000100101110010011110001000011001101011100100
0000000011111001011100010001001010111000100011110101001100110100
0000000011111001100111111011011111001101010011010000110000010100
0000000011111001110011100100101111101000101111100100000010000000
0000000011111001111111001100111100010111001110001110101011001000
0000000011111010001010110100000101100101000001011001011010110010
0000000011111010010110011010001011011110010111110111011001000000
0000000011111010100001111111001110001111011101000111010001001010
0000000011111010101101100011001110000100011001010100100000001000
0000000011111010111001000110001011001001010001011000011111100000
0000000011111011000100101000000101101010000110111011110001101000
0000000011111011010000001000111101110010111000010111001101110100
0000000011111011011011101000110011101111100000110101000111111000
0000000011111011100111000111100111101011111000010010011111010100
0000000011111011110010100101011001110011110011100000000011010000
0000000011111011111110000010001010010011000100000011011111100110
0000000011111100001001011101111001010101011000011000100011110010
0000000011111100010100111000100111000110011011110010001011001000
0000000011111100100000010010010011110001110110011011100101010000
0000000011111100101011101010111111100011001101011001011010010110
0000000011111100110111000010101010100110000010101010110110101000
0000000011111101000010011001010101000101110101001010101010110110
0000000011111101001101101110111111001110000000110000010110000010
0000000011111101011001000011101001001001111110010001001000110100
0000000011111101100100010111010011000101000011100001001010000110
0000000011111101101111101001111101001010100011010100011011110000
0000000011111101111010111011100111100101101101011111111101100100
0000000011111110000110001100010010100001101110111010110001110110
0000000011111110010001011011111110001001110001011110111101010100
0000000011111110011100101010101010101000111100001010101110001100
0000000011111110100111111000011000001010010011000001011000011000
0000000011111110110011000101000110111000110111001100011011010000
0000000011111110111110010000110110111111100110111100100000110000
0000000011111111001001011011101000101001011101101010011101111000
0000000011111111010100100101011100000001010011111000010011011010
0000000011111111011111101110010001010001111111010010001100001110
0000000011111111101010110110001000100110010010101111011111011110
0000000011111111110101111101000010001000111110010011101010101100
0000000100000000000001000010111110000100101111001111010100111000
0000000100000000001100000111111100100100010000000001001001010100
0000000100000000010111001011111101110010001000010110110110011010
0000000100000000100010001111000001111000111101001110001010000110
0000000100000000101101010001001001000011010000110101101111010110
0000000100000000111000010010010011011011100010101110001010011110
0000000100000001000011010010100001001100001111101010110010010110
0000000100000001001110010001110010011111110001110010110000111010
0000000100000001011001010000000111100000100000100001111001000010
0000000100000001100100001101100000011000110000101001100100111010
0000000100000001101111001001111101010010110100010001101110001100
0000000100000001111010000101011110011000111010111001101001001010
0000000100000010000101000000000011110101010001011000111101100100
0000000100000010001111111001101101110010000010000000011110110010
0000000100000010011010110010011100011001010100011011001000011000
0000000100000010100101101010001111110101001101101110110000011110
0000000100000010110000100001001000001111110000011101000101100110
0000000100000010111011010111000101110010111100100100100010011010
0000000100000011000110001100001000101000101111100001000110110110
0000000100000011010001000000010000111011000100001101001110001010
0000000100000011011011110011011110110011110011000010100101101110
0000000100000011100110100101110010011100110001111011000100001100
0000000100000011110001010111001011111111110100010001011100001010
0000000100000011111100000111101011100110101011000010010110111100
0000000100000100000110110111010001011011000100101101000011101100
0000000100000100010001100101111101100110101101010100010000100000
0000000100000100011100010011110000010011001110011110111101000010
0000000100000100100111000000101001101010001111011001001111010000
0000000100000100110001101100101001110101010100110101000110011110
0000000100000100111100010111110000111110000001001011001110010100
0000000100000101000111000001111111001101110100011011110101001010
0000000100000101010001101011010100101110001100001111011000110000
0000000100000101011100010011110001101000100011110111011111001110
0000000100000101100110111011010110000110010100001111100100011100
0000000100000101110001100010000010010000110011111101101101111000
0000000100000101111100000111110110010001010111010011011011011100
0000000100000110000110101100110010010001010000001110011000110000
0000000100000110010001010000110110011001101110011001001110100110
0000000100000110011011110100000010110011111111001100010000111100
0000000100000110100110010110010111101001001101101110010011011010
0000000100000110110000110111110101000010100010110101010100001010
0000000100000110111011011000011011001001000101000111001111100110
0000000100000111000101111000001010000101111000111010101100111110
0000000100000111010000010111000010000010000000010111101111000010
0000000100000111011010110101000011000110011011011000100001100010
0000000100000111100101010010001101011100000111101010000111000110
0000000100000111101111101110100001001100000000101101001010011100
0000000100000111111010001001111110011110111111110110100111001010
0000000100001000000100100100100101011101111100010000011011101110
0000000100001000001110111110010110010001101010111010010100000110
0000000100001000011001010111010001000010111110101010010111010100
0000000100001000100011101111010101111010101000001101110100100000
0000000100001000101110000110100101000001010110001001101110001100
0000000100001000111000011100111110011111110100111011101000010000
0000000100001001000010110010100010011110101110111010010000001000
0000000100001001001101000111010001000110101100010110001101011000
0000000100001001010111011011001010100000010011011010101000000110
0000000100001001100001101110001110110100001000001101110110100100
0000000100001001101100000000011110001010101100110010000111011110
0000000100001001110110010001111000101100100001000110001011111100
0000000100001010000000100010011110100010000011000110000001111110
0000000100001010001010110010001111110011101110101011011101010110
0000000100001010010101000001001100101001111101101110110011010100
0000000100001010011111001111010101001101001000000111100010101000
0000000100001010101001011100101001100101100011101100111011101110
0000000100001010110011101001001001111011100100010110101011100110
0000000100001010111101110100110110010111011011111101100011000010
0000000100001011000111111111101111000001011010011011111111011000
0000000100001011010010001001110100000001101101101110110010100010
0000000100001011011100010011000101100000100001110101101010110010
0000000100001011100110011011100011100110000000110011111011000000
0000000100001011110000100011001110011010010010110001000000011000
0000000100001011111010101010000110000101011101111001001011011110
0000000100001100000100110000001010101111100110011110000110001100
0000000100001100001110110101011100100000101110110111011001111110
0000000100001100011000111001111011100000110111100011010110101110
0000000100001100100010111101100111110111111111000111011001100000
0000000100001100101101000000100001101110000010010000110001010000
0000000100001100110111000010101001001010111011110101000101000000
0000000100001101000001000011111110010110100100110010111001110010
0000000100001101001011000100100001011000110100010010010111011100
0000000100001101010101000100010010011001011111100101101101010100
0000000100001101011111000011010001100000011010001001110111111110
0000000100001101101001000001011110110101010101100111000100010100
0000000100001101110010111110111010100000000001110001010101110010
0000000100001101111100111011100100101000001100101001001000011110
0000000100001110000110110111011101010101100010011011110110110110
0000000100001110001100110011110110101010000111111001111001000100
0000000100001110001100110011110110101010000111111001111001000100
0000000100001110001100110011110110101010000111111001111001000100
0000000100001110001100110011110110101010000111111001111001000100
0000000100001110001100110011110110101010000111111001111001000100
0000000100001110001100110011110110101010000111111001111001000100
0000000100001110001100110011110110101010000111111001111001000100
0000000100001110001100110011110110101010000111111001111001000100
0000000100001110001100110011110110101010000111111001111001000100
0000000100001110001100110011110110101010000111111001111001000100
0000000100001110001100110011110110101010000111111001111001000100
0000000100001110001100110011110110101010000111111001111001000100
0000000100001110001100110011110110101010000111111001111001000100
0000000100001110001100110011110110101010000111111001111001000100
0000000100001110001100110011110110101010000111111001111001000100
0000000100001110001100110011110110101010000111111001111001000100
0000000100001110001100110011110110101010000111111001111001000100
0000000100001110001100110011110110101010000111111001111001000100
0000000100001110001100110011110110101010000111111001111001000100
0000000100001110001100110011110110101010000111111001111001000100
0000000100001110001100110011110110101010000111111001111001000100
0000000100001110001100110011110110101010000111111001111001000100
0000000100001110001100110011110110101010000111111001111001000100
0000000100001110001100110011110110101010000111111001111001000100
0000000100001110001100110011110110101010000111111001111001000100
0000000100001110001100110011110110101010000111111001111001000100
0000000100001110001100110011110110101010000111111001111001000100
0000000100001110001100110011110110101010000111111001111001000100
0000000100001110001100110011110110101010000111111001111001000100
0000000100001110001100110011110110101010000111111001111001000100
0000000100001110001100110011110110101010000111111001111001000100
0000000100001110001100110011110110101010000111111001111001000100
0000000100001110001100110011110110101010000111111001111001000100
0000000100001110001100110011110110101010000111111001111001000100
0000000100001110001100110011110110101010000111111001111001000100
0000000100001110001100110011110110101010000111111001111001000100
0000000100001110001100110011110110101010000111111001111001000100
0000000100001110001100110011110110101010000111111001111001000100
0000000100001110001100110011110110101010000111111001111001000100
0000000100001110001100110011110110101010000111111001111001000100
0000000100001110001100110011110110101010000111111001111001000100
0000000100001110001100110011110110101010000111111001111001000100
0000000100001110001100110011110110101010000111111001111001000100
0000000100001110001100110011110110101010000111111001111001000100
0000000100001110001100110011110110101010000111111001111001000100
0000000100001110001100110011110110101010000111111001111001000100
0000000100001110001100110011110110101010000111111001111001000100
0000000100001110001100110011110110101010000111111001111001000100
0000000100001110001100110011110110101010000111111001111001000100
0000000100001110001100110011110110101010000111111001111001000100
0000000100001110001100110011110110101010000111111001111001000100
0000000100001110001100110011110110101010000111111001111001000100
0000000100001110001100110011110110101010000111111001111001000100
0000000100001110001100110011110110101010000111111001111001000100
0000000100001110001100110011110110101010000111111001111001000100
0000000100001110001100110011110110101010000111111001111001000100
0000000100001110001100110011110110101010000111111001111001000100
0000000100001110001100110011110110101010000111111001111001000100
0000000100001110001100110011110110101010000111111001111001000100
0000000100001110001100110011110110101010000111111001111001000100
0000000100001110001100110011110110101010000111111001111001000100
0000000100001110001100110011110110101010000111111001111001000100
0000000100001110001100110011110110101010000111111001111001000100
0000000100001110001100110011110110101010000111111001111001000100
0000000100001110001100110011110110101010000111111001111001000100
0000000100001110001100110011110110101010000111111001111001000100
0000000100001110001100110011110110101010000111111001111001000100
0000000100001110001100110011110110101010000111111001111001000100
0000000100001110001100110011110110101010000111111001111001000100
0000000100001110001100110011110110101010000111111001111001000100
0000000100001110001100110011110110101010000111111001111001000100
0000000100001110001100110011110110101010000111111001111001000100
0000000100001110001100110011110110101010000111111001111001000100
0000000100001110001100110011110110101010000111111001111001000100
0000000100001110001100110011110110101010000111111001111001000100
0000000100001110001100110011110110101010000111111001111001000100
0000000100001110001100110011110110101010000111111001111001000100
0000000100001110001100110011110110101010000111111001111001000100
0000000100001110001100110011110110101010000111111001111001000100
0000000100001110001100110011110110101010000111111001111001000100
0000000100001110001100110011110110101010000111111001111001000100
0000000100001110001100110011110110101010000111111001111001000100
0000000100001110001100110011110110101010000111111001111001000100
0000000100001110001100110011110110101010000111111001111001000100
0000000100001110001100110011110110101010000111111001111001000100
0000000100001110001100110011110110101010000111111001111001000100
0000000100001110001100110011110110101010000111111001111001000100
0000000100001110001100110011110110101010000111111001111001000100
0000000100001110001100110011110110101010000111111001111001000100
0000000100001110001100110011110110101010000111111001111001000100
0000000100001110001100110011110110101010000111111001111001000100
0000000100001110001100110011110110101010000111111001111001000100
0000000100001110001100110011110110101010000111111001111001000100
0000000100001110001100110011110110101010000111111001111001000100
0000000100001110001100110011110110101010000111111001111001000100
0000000100001110001100110011110110101010000111111001111001000100
0000000100001110001100110011110110101010000111111001111001000100
0000000100001110001100110011110110101010000111111001111001000100
0000000100001110001100110011110110101010000111111001111001000100
0000000100001110001100110011110110101010000111111001111001000100
0000000100001110001100110011110110101010000111111001111001000100
0000000100001110001100110011110110101010000111111001111001000100
0000000100001110001100110011110110101010000111111001111001000100
0000000100001110001100110011110110101010000111111001111001000100
0000000100001110001100110011110110101010000111111001111001000100
0000000100001110001100110011110110101010000111111001111001000100
0000000100001110001100110011110110101010000111111001111001000100
0000000100001110001100110011110110101010000111111001111001000100
0000000100001110001100110011110110101010000111111001111001000100
0000000100001110001100110011110110101010000111111001111001000100
0000000100001110001100110011110110101010000111111001111001000100
0000000100001110001100110011110110101010000111111001111001000100
0000000100001110001100110011110110101010000111111001111001000100
0000000100001110001100110011110110101010000111111001111001000100
0000000100001110001100110011110110101010000111111001111001000100
0000000100001110001100110011110110101010000111111001111001000100
0000000100001110001100110011110110101010000111111001111001000100
0000000100001110001100110011110110101010000111111001111001000100
0000000100001110001100110011110110101010000111111001111001000100
0000000100001110001100110011110110101010000111111001111001000100
0000000100001110001100110011110110101010000111111001111001000100
0000000100001110001100110011110110101010000111111001111001000100
0000000100001110001100110011110110101010000111111001111001000100
0000000100001110001100110011110110101010000111111001111001000100
0000000100001110001100110011110110101010000111111001111001000100
0000000100001110001100110011110110101010000111111001111001000100
0000000100001110001100110011110110101010000111111001111001000100
0000000100001110001100110011110110101010000111111001111001000100
0000000100001110001100110011110110101010000111111001111001000100
0000000100001110001100110011110110101010000111111001111001000100
0000000100001110001100110011110110101010000111111001111001000100
0000000100001110001100110011110110101010000111111001111001000100
0000000100001110001100110011110110101010000111111001111001000100
0000000100001110001100110011110110101010000111111001111001000100
0000000100001110001100110011110110101010000111111001111001000100
0000000100001110001100110011110110101010000111111001111001000100
0000000100001110001100110011110110101010000111111001111001000100
0000000100001110001100110011110110101010000111111001111001000100
0000000100001110001100110011110110101010000111111001111001000100
0000000100001110001100110011110110101010000111111001111001000100
0000000100001110001100110011110110101010000111111001111001000100
0000000100001110001100110011110110101010000111111001111001000100
0000000100001110001100110011110110101010000111111001111001000100
0000000100001110001100110011110110101010000111111001111001000100
0000000100001110001100110011110110101010000111111001111001000100
0000000100001110001100110011110110101010000111111001111001000100
0000000100001110001100110011110110101010000111111001111001000100
0000000100001110001100110011110110101010000111111001111001000100
0000000100001110001100110011110110101010000111111001111001000100
0000000100001110001100110011110110101010000111111001111001000100
0000000100001110001100110011110110101010000111111001111001000100
0000000100001110001100110011110110101010000111111001111001000100
0000000100001110001100110011110110101010000111111001111001000100
0000000100001110001100110011110110101010000111111001111001000100
0000000100001110001100110011110110101010000111111001111001000100
0000000100001110001100110011110110101010000111111001111001000100
0000000100001110001100110011110110101010000111111001111001000100
0000000100001110001100110011110110101010000111111001111001000100
0000000100001110001100110011110110101010000111111001111001000100
0000000100001110001100110011110110101010000111111001111001000100
0000000100001110001100110011110110101010000111111001111001000100
0000000100001110001100110011110110101010000111111001111001000100
0000000100001110001100110011110110101010000111111001111001000100
0000000100001110001100110011110110101010000111111001111001000100
0000000100001110001100110011110110101010000111111001111001000100
0000000100001110001100110011110110101010000111111001111001000100
0000000100001110001100110011110110101010000111111001111001000100
0000000100001110001100110011110110101010000111111001111001000100
0000000100001110001100110011110110101010000111111001111001000100
0000000100001110001100110011110110101010000111111001111001000100
0000000100001110001100110011110110101010000111111001111001000100
0000000100001110001100110011110110101010000111111001111001000100
0000000100001110001100110011110110101010000111111001111001000100
