0011001001000011111101101010100010001000010110100011000000000000
0001110110101100011001110000010101100001101110110100111100000000
0000111110101101101110101111110010010110010000000110111010000000
0000011111110101011011101010011010101011000010111101101110000000
0000001111111110101010110111011011100101100111111011110101000000
0000000111111111110101010101101110111010100101110110001001010000
0000000011111111111110101010101011011101110110111001010011011000
0000000001111111111111110101010101010110111011101110101001011100
0000000000111111111111111110101010101010101101110111011101101110
0000000000011111111111111111110101010101010101011011101110111100
0000000000001111111111111111111110101010101010101010110111011110
0000000000000111111111111111111111110101010101010101010101101111
0000000000000011111111111111111111111110101010101010101010101011
0000000000000001111111111111111111111111110101010101010101010101
0000000000000000111111111111111111111111111110101010101010101010
0000000000000000011111111111111111111111111111110101010101010101
0000000000000000001111111111111111111111111111111110101010101010
0000000000000000000111111111111111111111111111111111110101010101
0000000000000000000011111111111111111111111111111111111110101010
0000000000000000000001111111111111111111111111111111111111110101
0000000000000000000000111111111111111111111111111111111111111110
0000000000000000000000011111111111111111111111111111111111111111
0000000000000000000000001111111111111111111111111111111111111111
0000000000000000000000000111111111111111111111111111111111111111
0000000000000000000000000011111111111111111111111111111111111111
0000000000000000000000000001111111111111111111111111111111111111
0000000000000000000000000000111111111111111111111111111111111111
0000000000000000000000000000100000000000000000000000000000000000
0000000000000000000000000000010000000000000000000000000000000000
0000000000000000000000000000001000000000000000000000000000000000
0000000000000000000000000000000100000000000000000000000000000000
0000000000000000000000000000000010000000000000000000000000000000
0000000000000000000000000000000001000000000000000000000000000000
0000000000000000000000000000000000100000000000000000000000000000
0000000000000000000000000000000000010000000000000000000000000000
0000000000000000000000000000000000001000000000000000000000000000
0000000000000000000000000000000000000100000000000000000000000000
0000000000000000000000000000000000000010000000000000000000000000
0000000000000000000000000000000000000001000000000000000000000000
0000000000000000000000000000000000000000100000000000000000000000
0000000000000000000000000000000000000000010000000000000000000000
0000000000000000000000000000000000000000001000000000000000000000
0000000000000000000000000000000000000000000100000000000000000000
0000000000000000000000000000000000000000000010000000000000000000
0000000000000000000000000000000000000000000001000000000000000000
0000000000000000000000000000000000000000000000100000000000000000
0000000000000000000000000000000000000000000000010000000000000000
0000000000000000000000000000000000000000000000001000000000000000
0000000000000000000000000000000000000000000000000100000000000000
0000000000000000000000000000000000000000000000000010000000000000
0000000000000000000000000000000000000000000000000001000000000000
0000000000000000000000000000000000000000000000000000100000000000
0000000000000000000000000000000000000000000000000000010000000000
0000000000000000000000000000000000000000000000000000001000000000
0000000000000000000000000000000000000000000000000000000100000000
0000000000000000000000000000000000000000000000000000000010000000
0000000000000000000000000000000000000000000000000000000001000000
0000000000000000000000000000000000000000000000000000000000100000
0000000000000000000000000000000000000000000000000000000000010000
0000000000000000000000000000000000000000000000000000000000001000
0000000000000000000000000000000000000000000000000000000000000100
0000000000000000000000000000000000000000000000000000000000000010
0000000000000000000000000000000000000000000000000000000000000001
0000000000000000000000000000000000000000000000000000000000000000