0000000000000000000000000000000000000000000000000000000000000000
0000000010001100100111110101001111010101011010000001100001010000
0000000001000001011000101011101111101010000001000101000101001000
0000000000100000001010110001001000111001001111010101110111101110
0000000000010000000001010101100010001010110100110111010110101101
0000000000001000000000001010101011000100010010001101011101110001
0000000000000100000000000001010101010110001000100010101101000111
0000000000000010000000000000001010101010101100010001000100100011
0000000000000001000000000000000001010101010101011000100010001000
0000000000000000100000000000000000001010101010101010110001000100
0000000000000000010000000000000000000001010101010101010101100010
0000000000000000001000000000000000000000001010101010101010101011
0000000000000000000100000000000000000000000001010101010101010101
0000000000000000000010000000000000000000000000001010101010101010
0000000000000000000001000000000000000000000000000001010101010101
0000000000000000000000100000000000000000000000000000001010101010
0000000000000000000000010000000000000000000000000000000001010101
0000000000000000000000001000000000000000000000000000000000001010
0000000000000000000000000100000000000000000000000000000000000001
0000000000000000000000000010000000000000000000000000000000000000
0000000000000000000000000001000000000000000000000000000000000000
0000000000000000000000000000100000000000000000000000000000000000
0000000000000000000000000000010000000000000000000000000000000000
0000000000000000000000000000001000000000000000000000000000000000
0000000000000000000000000000000100000000000000000000000000000000
0000000000000000000000000000000010000000000000000000000000000000
0000000000000000000000000000000001000000000000000000000000000000
0000000000000000000000000000000000100000000000000000000000000000
0000000000000000000000000000000000010000000000000000000000000000
0000000000000000000000000000000000001000000000000000000000000000
0000000000000000000000000000000000000100000000000000000000000000
0000000000000000000000000000000000000010000000000000000000000000
0000000000000000000000000000000000000001000000000000000000000000
0000000000000000000000000000000000000000100000000000000000000000
0000000000000000000000000000000000000000010000000000000000000000
0000000000000000000000000000000000000000001000000000000000000000
0000000000000000000000000000000000000000000100000000000000000000
0000000000000000000000000000000000000000000010000000000000000000
0000000000000000000000000000000000000000000001000000000000000000
0000000000000000000000000000000000000000000000100000000000000000
0000000000000000000000000000000000000000000000010000000000000000
0000000000000000000000000000000000000000000000001000000000000000
0000000000000000000000000000000000000000000000000100000000000000
0000000000000000000000000000000000000000000000000010000000000000
0000000000000000000000000000000000000000000000000001000000000000
0000000000000000000000000000000000000000000000000000100000000000
0000000000000000000000000000000000000000000000000000010000000000
0000000000000000000000000000000000000000000000000000001000000000
0000000000000000000000000000000000000000000000000000000100000000
0000000000000000000000000000000000000000000000000000000010000000
0000000000000000000000000000000000000000000000000000000001000000
0000000000000000000000000000000000000000000000000000000000100000
0000000000000000000000000000000000000000000000000000000000010000
0000000000000000000000000000000000000000000000000000000000001000
0000000000000000000000000000000000000000000000000000000000000100
0000000000000000000000000000000000000000000000000000000000000010
0000000000000000000000000000000000000000000000000000000000000001
0000000000000000000000000000000000000000000000000000000000000000
0000000000000000000000000000000000000000000000000000000000000000
0000000000000000000000000000000000000000000000000000000000000000
0000000000000000000000000000000000000000000000000000000000000000
0000000000000000000000000000000000000000000000000000000000000000
0000000000000000000000000000000000000000000000000000000000000000
0000000000000000000000000000000000000000000000000000000000000000
0000000000000000000000000000000000000000000000000000000000000000